0 Wings with Propellers
0 Author: LEGO Digital Designer 4.2
0 ROTATION CENTER 0 0 0 1 "Custom" 
0 ROTATION CONFIG -1 0
1 0 59.999 -29.8763 -39.9992 1 0 0 0 1 0 0 0 1 2780.dat
1 4 30.0001 -49.7374 -180.001 1.05868e-005 -1 -9.74213e-005 -1 -1.06552e-005 9.75439e-005 -9.7545e-005 9.74203e-005 -1 41239.dat
1 4 49.9996 -50.9949 -100.001 -1.05317e-005 -1 0 1 -1.05318e-005 -9.75452e-005 9.75452e-005 0 1 32140.dat
1 1 39.9996 -49.87 -100.001 1 0 0 0 1 0 0 0 1 3749.dat
1 0 39.9999 -49.8584 -220.001 1 0 0 0 1 0 0 0 1 2780.dat
1 4 50 -49.7295 -260.001 1.19355e-005 -1 -9.59708e-005 -1 -1.18353e-005 9.60933e-005 -9.60944e-005 9.59696e-005 -1 32278.dat
1 0 59.9999 -49.8661 -140.001 1 0 0 0 1 0 0 0 1 2780.dat
1 4 69.5 -40.3654 -160.001 0 -1 -4.29759e-005 -1 0 4.30996e-005 -4.30996e-005 4.2976e-005 -1 32062.dat
1 0 30 -29.8656 -150 0 5.34212e-005 -1 -2.9069e-005 1 5.34212e-005 1 2.9069e-005 0 2780.dat
1 0 69.9999 -30.9932 -140 5.9562e-005 0 -1 1 2.86942e-005 5.95251e-005 2.86573e-005 -1 0 32140.dat
1 1 10.0011 -9.86528 -120 0 7.76402e-005 -1 -2.27212e-005 1 7.76402e-005 1 2.27212e-005 0 6558.dat
1 0 -70.0003 -30.9833 -100 9.57579e-005 0 1 1 -1.5325e-005 -9.57231e-005 1.53598e-005 1 0 32526.dat
1 0 -10.0002 -29.8643 -110 0 9.99575e-005 -1 0 1 9.99575e-005 1 0 0 2780.dat
1 71 -10.0004 -30.989 -120 0.000104241 0 -1 1 0 0.000104141 0 -1 0 32526.dat
1 0 -90.0003 -29.8556 -130 0 8.6023e-005 -1 0 1 8.6023e-005 1 0 0 2780.dat
1 4 -150 -30.9763 -140 6.79832e-005 0 1 1 0 -6.79508e-005 0 1 0 32140.dat
1 0 -110 -29.8539 -150 0 5.2083e-005 -1 1.60769e-005 1 5.2083e-005 1 -1.60769e-005 0 2780.dat
1 4 -150.5 -40.3524 -160 -3.52687e-005 -1 0 -1 3.5538e-005 0 0 0 -1 32062.dat
1 0 -140.001 -50.754 -120.297 -1 0 0 0 -0.803831 -0.594857 0 -0.594857 0.803831 2780.dat
1 4 -130.001 -49.7202 -259.999 -2.59965e-005 -1 0 -1 2.6097e-005 0 0 0 -1 32278.dat
1 0 -120.001 -49.8443 -279.999 -1 2.6062e-005 0 2.6062e-005 1 5.50486e-005 0 5.50486e-005 -1 2780.dat
1 71 -109.999 -29.7152 -359.998 0 -5.49789e-005 1 -5.51026e-005 -1 -5.49789e-005 1 -5.51026e-005 0 6536.dat
1 4 -109.999 -29.8407 -349.998 0 2.61057e-005 1 5.50486e-005 1 -2.61057e-005 -1 5.50486e-005 0 32062.dat
1 15 -109.999 -29.8424 -319.998 1 0 0 0 1 0 0 0 1 32034.dat
1 4 -109.999 -29.844 -289.998 0 2.61057e-005 1 5.50486e-005 1 -2.61057e-005 -1 5.50486e-005 0 32062.dat
1 71 -109.999 -29.7196 -279.998 0 -5.49789e-005 1 -5.51026e-005 -1 -5.49789e-005 1 -5.51026e-005 0 6536.dat
1 72 -49.9993 -30.344 -319.998 -5.93707e-005 0 -1 -1 0 5.94436e-005 0 1 0 32072.dat
1 0 -99.9993 -29.8442 -319.998 1 0 0 0 1 0 0 0 1 3706.dat
1 71 -129.999 -29.8442 -319.998 0 0 -1 0 1 0 1 0 0 3713.dat
1 71 -169.999 -29.8442 -319.998 -1 0 0 0 1 0 0 0 -1 32054.dat
1 72 -79.9993 -29.8446 -319.998 1 0 0 0 1 0 0 0 1 75535.dat
1 0 -169.999 -29.7192 -319.998 0 -1 0 -1 0 0 0 0 -1 32525.dat
1 0 -120.001 -49.8399 -359.999 -1 2.6062e-005 0 2.6062e-005 1 5.50486e-005 0 5.50486e-005 -1 2780.dat
1 0 -140.001 -50.6226 -140.42 -1 0 0 0 -0.541583 -0.840647 0 -0.840647 0.541583 2780.dat
1 1 -120.001 -49.846 -239.999 1 0 0 0 1 0 0 0 1 3749.dat
1 71 -110.001 -50.9705 -239.999 1 0 0 0 1 0 0 0 1 6536.dat
1 0 -109.503 -30.3695 -250.001 -2.22571e-005 0.998819 -0.0485837 0 -0.0485837 -0.998819 -1 -2.22888e-005 0 2780.dat
1 151 -50.002 -29.7306 -260.003 0 0 -1 -1 0 0 0 1 0 32524.dat
1 0 10.4978 -30.3799 -250.003 -2.22571e-005 0.998819 -0.0485837 0 -0.0485837 -0.998819 -1 -2.22888e-005 0 2780.dat
1 1 20 -49.8564 -240.001 -1 0 0 0 1 0 0 0 -1 3749.dat
1 71 10 -50.9809 -240.001 1 0 0 0 1 0 0 0 1 6536.dat
1 0 -29.647 -30.008 -110 0 0.706599 0.707615 0 0.707615 -0.706599 -1 0 0 3705.dat
1 0 -29.6469 -30.0087 30 0 0.706599 0.707615 0 0.707615 -0.706599 -1 0 0 3737.dat
1 72 -29.9997 -30.3623 -38 -0.706598 0.707615 4.04599e-005 -0.707615 -0.706598 3.56322e-005 5.38027e-005 0 1 32072.dat
1 71 -29.6468 -30.0095 40 -0.707615 0.706599 0 0.706599 0.707615 0 0 0 -1 3713.dat
1 71 -29.6467 -30.01 100 -0.707615 0.706599 0 0.706599 0.707615 0 0 0 -1 3713.dat
1 71 -29.6482 -30.0061 -400.075 0 0.706599 0.707615 0 0.707615 -0.706599 -1 0 0 44294.dat
1 71 -29.6985 -30.0274 -241 0 0.706599 0.707615 0 0.707615 -0.706599 -1 0 0 60485.dat
1 8 -29.13 -31.792 -332.719 0.241845 0.969825 0.0308506 -0.970268 0.241396 0.0175841 0.00960625 -0.0341859 0.999369 6538a.dat
1 8 -27.911 -31.757 -151.643 0.241845 0.969825 0.0308506 -0.970268 0.241396 0.0175841 0.00960625 -0.0341859 0.999369 6538a.dat
1 8 -29.05 -32.269 -69.548 0.241845 0.969825 0.0308506 -0.970268 0.241396 0.0175841 0.00960625 -0.0341859 0.999369 6538a.dat
1 8 -28.428 -31.93 128.644 0.241845 0.969825 0.0308506 -0.970268 0.241396 0.0175841 0.00960625 -0.0341859 0.999369 6538a.dat
1 8 -28.469 -31.473 331.705 0.241845 0.969825 0.0308506 -0.970268 0.241396 0.0175841 0.00960625 -0.0341859 0.999369 6538a.dat
1 8 31.627 -49.824 -19.979 -0.016473 0.999169 0.0372977 0.0322061 -0.0367532 0.998805 0.999346 0.0176545 -0.0315739 60483.dat
1 72 -30 -30.3601 -300 -0.706599 0.707615 4.04599e-005 -0.707615 -0.706599 3.56322e-005 5.38027e-005 0 1 32072.dat
1 71 -29.6471 -30.0067 -280 -0.707615 0.706598 0 0.706598 0.707615 0 0 0 -1 3713.dat
1 0 -29.6467 -30.0104 230 0 0.706599 0.707614 0 0.707614 -0.706599 -1 0 0 3737.dat
1 71 -29.6457 -30.0108 280 -0.707615 0.706599 0 0.706599 0.707615 0 0 0 -1 3713.dat
1 72 -29.9984 -30.3642 300 -0.706599 -0.707615 0 -0.707615 0.706599 0 0 0 -1 32072.dat
1 71 -29.6465 -30.0104 160 -0.707615 0.706599 0 0.706599 0.707615 0 0 0 -1 3713.dat
1 71 -29.6454 -30.011 380 0 0.706599 0.707615 0 0.707615 -0.706599 -1 0 0 32073.dat
1 72 -29.9996 -29.8609 -190 0 0 -1 0 1 0 1 0 0 75535.dat
1 72 -29.9998 -29.8608 -230 0 0 -1 0 1 0 1 0 0 75535.dat
1 0 -70 -30.9887 59.9998 0 0 1 1 0 0 0 1 0 32526.dat
1 0 -10 -29.8638 69.9998 0 0 -1 0 1 0 1 0 0 2780.dat
1 71 -10.0001 -30.9889 79.9998 1.31283e-005 0 -1 1 0 1.30083e-005 0 -1 0 32526.dat
1 0 -50 -29.8635 69.9998 0 0 -1 0 1 0 1 0 0 2780.dat
1 0 -89.9997 -9.8625 89.9996 0 1.83817e-005 -1 1.11518e-005 1 1.83817e-005 1 -1.11518e-005 0 2780.dat
1 4 -150 -30.9859 99.9998 2.35859e-005 0 1 1 1.71852e-005 -2.35712e-005 -1.71704e-005 1 0 32140.dat
1 0 -130 -29.8611 110 0 0 -1 2.33777e-005 1 0 1 -2.33777e-005 0 2780.dat
1 4 -150.5 -40.3612 120 0 -1 3.29585e-005 -1 0 -3.28349e-005 3.28349e-005 -3.29586e-005 -1 32062.dat
1 0 -140 -50.8313 80.1743 -1 0 0 0 -0.937654 0.34757 0 0.34757 0.937654 2780.dat
1 4 -130 -49.7329 220 1.0924e-005 -1 3.13172e-005 -1 -1.08238e-005 -3.11932e-005 3.11935e-005 -3.13168e-005 -1 32278.dat
1 0 -120 -49.8542 340 1 0 0 0 1 0 0 0 1 2780.dat
1 4 -110.5 -40.3523 380 1.96906e-005 -1 4.59378e-005 -1 -1.94217e-005 -4.58133e-005 4.58142e-005 -4.59369e-005 -1 32062.dat
1 0 -70.0003 -29.8509 389.999 0 -3.10766e-005 -1 4.37586e-005 1 -3.10766e-005 1 -4.37586e-005 0 2780.dat
1 151 -50.0003 -29.7245 400 4.19612e-005 0 -1 -1 4.33032e-005 -4.18487e-005 4.31907e-005 1 0 32524.dat
1 0 -10.0003 -29.8481 390 0 -2.76113e-005 -1 3.81178e-005 1 -2.76113e-005 1 -3.81178e-005 0 2780.dat
1 4 29.4999 -40.3478 380 1.2947e-005 -1 4.3412e-005 -1 -1.26782e-005 -4.32878e-005 4.32884e-005 -4.34114e-005 -1 32062.dat
1 0 40 -49.8493 340 1 0 0 0 1 0 0 0 1 2780.dat
1 4 49.9993 -49.7326 220 0 -1 6.92546e-005 -1 0 -6.9131e-005 6.9131e-005 -6.92546e-005 -1 32278.dat
1 0 59.9993 -49.8671 80.0003 1 0 0 0 1 0 0 0 1 2780.dat
1 4 69.4994 -40.3656 120 -1.67243e-005 -1 0 -1 1.68246e-005 0 0 0 -1 32062.dat
1 0 49.9996 -29.8657 110 0 4.71597e-005 -1 1.584e-005 1 4.71597e-005 1 -1.584e-005 0 2780.dat
1 0 69.9995 -30.992 99.9999 5.02e-005 0 -1 1 0 5.01269e-005 0 -1 0 32140.dat
1 1 10.2395 -29.9249 79.9998 0 0.479447 0.877571 0 0.877571 -0.479447 -1 0 0 6558.dat
1 4 10.6249 -10.3637 79.9998 -1 0 0 0 0 -1 0 -1 0 32523.dat
1 1 9.76057 -9.9249 79.9998 0 -0.479433 0.877579 0 0.877579 0.479433 -1 0 0 6558.dat
1 0 29.9996 -29.865 110 0 4.71798e-005 -1 1.84302e-005 1 4.71798e-005 1 -1.84302e-005 0 2780.dat
1 0 59.9993 -49.8659 100 1 0 0 0 1 0 0 0 1 2780.dat
1 0 39.9997 -49.8547 260 1 0 0 0 1 0 0 0 1 2780.dat
1 4 49.9993 -50.9947 60.0005 0 1 0 1 0 0 0 0 -1 32140.dat
1 1 39.9993 -49.8697 60.0004 1 0 0 0 1 0 0 0 1 3749.dat
1 4 29.9992 -49.7387 140 0 -1 7.60684e-005 -1 0 -7.59448e-005 7.59448e-005 -7.60685e-005 -1 41239.dat
1 0 39.9994 -49.8634 140 1 0 0 0 1 0 0 0 1 2780.dat
1 0 39.9995 -49.8605 180 1 0 0 0 1 0 0 0 1 2780.dat
1 0 59.9987 -30.1079 -0.422266 1 2.95413e-005 1.66638e-005 -2.99117e-005 0.536514 0.843892 1.59893e-005 -0.843892 0.536514 2780.dat
1 0 19.9994 -49.8715 40.0002 1 0 0 0 1 0 0 0 1 2780.dat
1 320 9.99988 -49.7466 -20.0001 2.86258e-005 -1 0 -1 -2.85253e-005 0 0 0 -1 40490.dat
1 1 29.9997 -49.8723 -60.0004 -1 2.12724e-005 0 2.12724e-005 1 4.87962e-005 0 4.87962e-005 -1 6558.dat
1 0 19.9997 -49.8717 -80.0004 1 0 0 0 1 0 0 0 1 2780.dat
1 1 20.0002 -49.8689 -20 1 0 0 0 1 0 0 0 1 3749.dat
1 71 29.9979 -29.8654 -19.9997 1 0 0 0 1 0 0 0 1 32073.dat
1 71 49.9979 -29.8629 -19.9998 0 -0.000126763 1 0 1 0.000126763 -1 0 0 3713.dat
1 72 -8.00209 -30.3703 -20.0003 0 -0.000126763 1 0 1 0.000126763 -1 0 0 32072.dat
1 1 29.9994 -49.8722 20.0004 -1 0 0 0 1 -3.81537e-005 0 -3.81537e-005 -1 6558.dat
1 1 19.9996 -50.8591 200.001 -1 0 0 0 -1 0 0 0 1 3749.dat
1 71 9.99964 -50.9836 200.001 1 0 0 0 1 0 0 0 1 6536.dat
1 0 10.4984 -30.3831 209.999 -2.23637e-005 0.998819 -0.0485836 0 -0.0485836 -0.998819 -1 -2.23421e-005 0 2780.dat
1 151 -50.0011 -29.7338 219.999 0 0 -1 -1 0 0 0 1 0 32524.dat
1 0 -109.501 -30.3827 209.999 -2.22571e-005 0.998819 -0.0485837 0 -0.0485837 -0.998819 -1 -2.22888e-005 0 2780.dat
1 1 -120 -49.8587 200 1 0 0 0 1 0 0 0 1 3749.dat
1 71 -110 -50.9831 200 1 0 0 0 1 0 0 0 1 6536.dat
1 0 40 -49.8484 360 1 0 0 0 1 0 0 0 1 2780.dat
1 0 9.99975 -29.8474 390 0 -2.76139e-005 -1 4.61786e-005 1 -2.76139e-005 1 -4.61786e-005 0 2780.dat
1 0 -90.0003 -29.8515 389.999 0 -3.10692e-005 -1 4.5467e-005 1 -3.10692e-005 1 -4.5467e-005 0 2780.dat
1 0 -120 -49.8535 360 1 0 0 0 1 0 0 0 1 2780.dat
1 0 -120 -50.6423 119.588 -1 0 0 0 -0.563179 -0.826335 0 -0.826335 0.563179 2780.dat
1 151 -110 -49.7343 100.001 0 -1 0 -1 0 0 0 0 -1 32524.dat
1 0 -100 -49.8593 60.0007 -1 0 0 0 1 1.85439e-005 0 1.85439e-005 -1 2780.dat
1 15 -90.0006 -49.7317 -19.9994 0 -1 -2.86096e-005 -1 0 2.87332e-005 -2.87332e-005 2.86096e-005 -1 41239.dat
1 0 -100.001 -49.8543 -99.9994 -1 0 0 0 1 4.01541e-005 0 4.01541e-005 -1 2780.dat
1 151 -110.001 -49.7273 -139.999 -1.65557e-005 -1 0 -1 1.6656e-005 0 0 0 -1 32524.dat
1 0 -120.001 -50.8504 -159.976 -1 0 0 0 -0.998922 0.0464208 0 0.0464208 0.998922 2780.dat
1 0 -120.001 -50.8482 -199.975 -1 0 0 0 -0.998819 0.0485833 0 0.0485833 0.998819 2780.dat
1 0 -100.001 -49.8526 -139.999 -1 1.76393e-005 0 1.76393e-005 1 4.01445e-005 0 4.01445e-005 -1 2780.dat
1 0 -100 -49.8596 100.001 -1 0 0 0 1 1.85356e-005 0 1.85356e-005 -1 2780.dat
1 0 -120 -50.6747 160.389 -1 0 0 0 -0.629818 0.776743 0 0.776743 0.629818 2780.dat
1 0 -120 -49.8547 320 -1 -1.08337e-005 0 -1.08337e-005 1 -3.1307e-005 0 -3.1307e-005 -1 2780.dat
1 71 -109.999 -29.7296 320 0 3.13767e-005 1 3.12531e-005 -1 3.13767e-005 1 3.12531e-005 0 6536.dat
1 4 -109.999 -29.8549 310 0 -1.079e-005 1 -3.1307e-005 1 1.079e-005 -1 -3.1307e-005 0 32062.dat
1 15 -109.999 -29.8558 280 1 0 0 0 1 0 0 0 1 32034.dat
1 4 -109.999 -29.8568 250 0 -1.079e-005 1 -3.1307e-005 1 1.079e-005 -1 -3.1307e-005 0 32062.dat
1 71 -109.999 -29.7321 240 0 3.13767e-005 1 3.12531e-005 -1 3.13767e-005 1 3.12531e-005 0 6536.dat
1 0 -120 -49.8572 240 -1 -1.08337e-005 0 -1.08337e-005 1 -3.1307e-005 0 -3.1307e-005 -1 2780.dat
1 71 -129.999 -29.8551 280 0 0 -1 0 1 0 1 0 0 3713.dat
1 0 -99.9991 -29.8551 280 1 0 0 0 1 0 0 0 1 3706.dat
1 72 -49.9991 -30.3545 280 -5.93707e-005 0 -1 -1 0 5.94436e-005 0 1 0 32072.dat
1 71 -169.999 -29.8551 280 -1 0 0 0 1 0 0 0 -1 32054.dat
1 72 -79.9991 -29.8551 280 1 0 0 0 1 0 0 0 1 75535.dat
1 0 -169.999 -29.7301 280 0 -1 0 -1 0 0 0 0 -1 32525.dat
1 0 -140 -50.7888 100.261 -1 0 0 0 -0.854013 0.520252 0 0.520252 0.854013 2780.dat
1 0 -110 -29.8612 110 0 0 -1 3.0988e-005 1 0 1 -3.0988e-005 0 2780.dat
1 0 -90.0002 -29.8625 89.9998 0 1.82314e-005 -1 1.11415e-005 1 1.82314e-005 1 -1.11414e-005 0 2780.dat
1 72 -29.9997 -29.8643 190 0 0 -1 0 1 0 1 0 0 75535.dat
1 72 -29.999 -29.8646 250 0 0 -1 0 1 0 1 0 0 75535.dat
1 151 -48.0007 -29.7108 -439.997 -4.62523e-005 0 -1 -1 -0.000114391 4.63272e-005 -0.000114466 1 0 32524.dat
1 0 10.3909 -30.6495 -429.998 0 0.78273 0.622362 -0.000100571 -0.622362 0.78273 1 -6.74578e-005 7.48698e-005 2780.dat
1 4 29.4996 -40.3389 -420 1.76675e-005 -1 -0.00011326 -1 -1.73987e-005 0.000113381 -0.000113383 0.000113258 -1 32062.dat
1 0 40 -49.8433 -380.001 1 0 0 0 1 0 0 0 1 2780.dat
1 0 40 -49.8412 -400.001 1 0 0 0 1 0 0 0 1 2780.dat
1 0 -10.3417 -30.7038 -429.998 0 -0.682421 0.73096 -0.000127328 -0.73096 -0.682421 1 -8.86907e-005 -9.14307e-005 2780.dat
1 0 -90.0005 -29.8343 -429.997 0 3.65694e-005 -1 -0.000117553 1 3.65694e-005 1 0.000117553 0 2780.dat
1 4 -110.501 -40.3351 -419.998 -2.61651e-005 -1 0 -1 2.64342e-005 0 0 0 -1 32062.dat
1 0 -70.0005 -29.835 -429.997 0 3.65688e-005 -1 -0.000112915 1 3.65688e-005 1 0.000112916 0 2780.dat
1 0 -120.001 -50.3044 -399.5 -1 2.90486e-005 2.7308e-005 2.91681e-005 0.0660893 0.997814 2.71803e-005 0.997814 -0.0660891 2780.dat
1 0 -120.001 -50.6238 -379.588 -1 0 0 0 -0.56939 0.822067 0 0.822067 0.56939 2780.dat
1 0 -130 -29.8529 -150 0 5.20722e-005 -1 1.35903e-005 1 5.20722e-005 1 -1.35903e-005 0 2780.dat
1 0 -89.9982 -9.85556 -130 0 8.61086e-005 -1 0 1 8.61086e-005 1 0 0 2780.dat
1 0 -50.0002 -29.8601 -110 0 9.9958e-005 -1 -1.09493e-005 1 9.9958e-005 1 1.09493e-005 0 2780.dat
1 1 10 -29.8653 -120 0 7.76801e-005 -1 -2.27064e-005 1 7.76801e-005 1 2.27064e-005 0 6558.dat
1 4 10.6264 -10.3653 -120 -1 7.76328e-005 -7.75074e-005 7.75091e-005 2.27252e-005 -1 -7.7631e-005 -1 -2.26248e-005 32523.dat
1 0 50 -29.8662 -150 0 5.34248e-005 -1 -4.49666e-005 1 5.34248e-005 1 4.49666e-005 0 2780.dat
1 0 59.9999 -49.8673 -120.001 1 0 0 0 1 0 0 0 1 2780.dat
1 0 39.9999 -49.8623 -180.001 1 0 0 0 1 0 0 0 1 2780.dat
1 0 40 -49.8504 -300.001 1 0 0 0 1 0 0 0 1 2780.dat
1 7 60 -31.85 -20 0 0 1 0 1 0 -1 0 0 58120.dat
1 8 49 -31.85 119 0 -1 0 -1 0 0 0 0 -1 42003.dat
1 8 51 -31.85 -159 0 -1 0 -1 0 0 0 0 -1 42003.dat
1 8 -131 -31.85 119 0 1 0 -1 0 0 0 0 1 42003.dat
1 8 -130 -31.85 -160 0 1 0 -1 0 0 0 0 1 42003.dat
1 8 -91 -31.85 379 0 1 0 -1 0 0 0 0 1 42003.dat
1 8 -89 -30.85 -420 0 1 0 -1 0 0 0 0 1 42003.dat
1 8 10.004 -29.763 380 0.0871557 -0.996195 0 0.996195 0.0871557 0 0 0 1 42003.dat
1 8 9.981 -30.286 -421 0.0871557 -0.996195 0 0.996195 0.0871557 0 0 0 1 42003.dat
1 8 -110.196 -51.879 360.147 0 0 -1 1 0 0 0 -1 0 42003.dat
1 8 -151.196 -51.879 99.147 0 0 -1 1 0 0 0 -1 0 42003.dat
1 8 -150 -51.879 -141 0 0 1 1 0 0 0 1 0 42003.dat
1 8 -109 -51.879 -400 0 0 1 1 0 0 0 1 0 42003.dat
1 8 31 -51.879 -401 0 0 1 1 0 0 0 1 0 42003.dat
1 8 71 -50.879 -140 0 0 1 1 0 0 0 1 0 42003.dat
1 8 70.804 -51.879 99.147 0 0 -1 1 0 0 0 -1 0 42003.dat
1 8 27.804 -51.879 361.147 0 0 -1 1 0 0 0 -1 0 42003.dat
0
