0 scooper playground with two engines
0 Author: LEGO Digital Designer 4.2
0 ROTATION CENTER 0 0 0 1 "Custom" 
0 ROTATION CONFIG 0 0
1 14 1.56462e-005 -4.37003 -83.5394 0 1 0 -0.99997 0 0.00770655 0.00770655 0 0.99997 32526.dat
1 0 -20 -4.69157 -44.1608 -1 0 0 0 0.00770706 0.99997 0 0.99997 -0.00770677 32184.dat
1 71 -20 -4.03262 -23.5403 1 0 0 0 0.999971 0.00766611 0 -0.00766611 0.999971 32073.dat
1 0 20 -4.03263 -23.5403 0 0 -1 0.0077066 0.99997 0 0.99997 -0.0077066 0 3713.dat
1 71 -20 -4.34089 -63.5391 1 0 0 0 0.999971 0.00766611 0 -0.00766611 0.999971 32073.dat
1 0 20 -4.34089 -63.5391 0 0 -1 0.00770661 0.99997 0 0.99997 -0.00770661 0 3713.dat
1 0 -60 -4.03265 -23.5403 0 0 1 -0.00770661 0.99997 0 -0.99997 -0.00770661 0 3713.dat
1 0 -60 -4.34092 -63.5391 0 0 1 -0.00770661 0.99997 0 -0.99997 -0.00770661 0 3713.dat
1 14 -40 -4.37005 -83.5395 0 1 0 -0.99997 0 0.00770655 0.00770655 0 0.99997 32526.dat
1 0 -60 -43.8776 -3.23277 1 0 0 0 0.999965 0.00840773 0 -0.00840773 0.999965 3705.dat
1 71 -25 -43.8776 -3.23276 0 0 -1 0.00840811 0.999965 0 0.999965 -0.00840811 0 32123a.dat
1 14 -60 -44.3723 -2.60359 0 1 0 -0.0084079 0 -0.999965 -0.999965 0 0.00840801 32271.dat
1 71 -75 -43.8776 -3.23277 0 0 -1 0.00840811 0.999965 0 0.999965 -0.00840811 0 32123a.dat
1 0 0 -44.3993 -33.223 1 0 0 0 -0.000721975 1 0 -1 -0.000721975 4282.dat
1 0 170 -44.3991 -33.223 0 0 1 -1 -0.000721899 0 0.000721937 -1 0 3023.dat
1 0 -180 -44.4003 -33.2231 1 0 0 0 -0.000759526 1 0 -1 -0.000759526 3022.dat
1 0 -140 -44.4051 -41.223 1 0 0 0 -0.000721975 1 0 -1 -0.000721975 3795.dat
1 0 120 -44.405 -41.223 1 0 0 0 -0.000721975 1 0 -1 -0.000721975 3795.dat
1 71 30 -43.8775 -3.22638 1 0 0 0 1 0 0 0 1 32073.dat
1 71 -15 -43.8775 -3.22641 0 0 -1 -0.00425092 0.999991 0 0.999991 0.00425092 0 32123a.dat
1 14 20 -43.7525 -3.22585 0 1 0 -0.999991 0 -0.00425097 -0.00425097 0 0.999991 32140.dat
1 14 40 -44.3802 -2.60351 0 1 0 0.00425108 0 -0.999991 -0.999991 0 -0.00425105 32271.dat
1 71 55 -43.8775 -3.22637 0 0 -1 -0.00425092 0.999991 0 0.999991 0.00425092 0 32123a.dat
1 71 -50 -104.073 -2.32562 1 0 0 0 0.604083 -0.796922 0 0.796922 0.604083 3673.dat
1 14 -40 -103.921 37.2782 0 -0.999991 -0.00425343 -0.999991 -1.36898e-005 0.00425354 -0.00425356 0.00425341 -0.999982 32316.dat
1 0 -30 -103.96 17.2779 1 0 0 0 1 0 0 0 1 2780.dat
1 14 -20 -104.261 117.277 0 -0.999991 -0.00425333 -0.999991 -1.36898e-005 0.00425343 -0.00425345 0.00425331 -0.999982 32525.dat
1 71 -20.0001 -105.311 217.274 1 0 0 0 0.877774 0.479076 0 -0.479076 0.877774 32556.dat
1 14 -9.68575e-005 -45.3185 216.145 0 -1 0 0.00840769 0 -0.999965 0.999965 0 0.00840774 32524.dat
1 71 -20.0001 -45.3133 216.769 1 0 0 0 0.877836 0.478962 0 -0.478962 0.877836 32556.dat
1 14 -40.0001 -45.3185 216.145 0 -1 0 0.00840769 0 -0.999965 0.999965 0 0.00840774 32524.dat
1 1 -20.0001 -4.87383 216.669 -1 0 0 0 0.881674 0.471859 0 0.471859 -0.881674 6558.dat
1 71 -20.0002 75.1825 215.756 1 0 0 0 0.999965 0.00840773 0 -0.00840773 0.999965 4519.dat
1 14 4.99985 74.6783 215.261 0 -1 0 0.00840764 0 -0.999965 0.999965 0 0.00840774 6632.dat
1 71 -20.0001 35.1839 216.092 1 0 0 0 0.999956 0.00936676 0 -0.00936676 0.999956 32073.dat
1 0 -35.0001 34.6839 216.097 0 1 0 0.00840808 0 0.999965 0.999965 0 -0.00840793 41677.dat
1 0 -5.00013 34.6839 216.097 0 1 0 0.00840808 0 0.999965 0.999965 0 -0.00840793 41677.dat
1 14 -45.0001 74.6782 215.261 0 -1 0 0.00840764 0 -0.999965 0.999965 0 0.00840774 6632.dat
1 14 -65.0002 75.1824 215.756 1.83967e-005 -1 -4.25795e-005 -0.999965 -1.78491e-005 -0.00835785 0.00835785 4.27309e-005 -0.999965 32056.dat
1 0 -55.0002 34.6838 216.097 0 1 0 0.00840798 0 0.999965 0.999965 0 -0.00840793 41677.dat
1 0 14.9999 34.6839 216.097 0 1 0 0.00840803 0 0.999965 0.999965 0 -0.00840793 41677.dat
1 14 24.9998 75.1826 215.756 1.83371e-005 -1 -3.54998e-005 -0.999965 -1.80773e-005 -0.00835076 0.00835076 3.56519e-005 -0.999965 32056.dat
1 71 -20.0002 55.1832 215.924 1 0 0 0 0.999956 0.00937947 0 -0.00937947 0.999956 32073.dat
1 71 -20.0002 74.8464 175.757 1 0 0 0 0.999956 0.00937947 0 -0.00937947 0.999956 32073.dat
1 71 4.99984 74.8466 175.758 0 0 -1 0.00840782 0.999965 0 0.999965 -0.00840782 0 32123a.dat
1 71 -45.0002 74.8465 175.758 0 0 -1 0.00840782 0.999965 0 0.999965 -0.00840782 0 32123a.dat
1 14 -20.0001 34.6891 216.722 0 1 0 -0.00840764 0 -0.999965 -0.999965 0 0.00840774 32316.dat
1 1 -20.0002 15.1254 216.501 -1 0 0 0 0.881519 0.472149 0 0.472149 -0.881519 6558.dat
1 72 -20 74.4232 175.268 1 0 0 0 0.153529 0.988144 0 -0.988144 0.153529 75535.dat
1 14 -20.0001 -44.5181 176.772 0 -0.999991 -0.00425487 -0.999991 -1.36898e-005 0.00425497 -0.00425499 0.00425485 -0.999982 32316.dat
1 0 -10.0001 -44.558 156.772 1 0 0 0 1 0 0 0 1 2780.dat
1 14 0 -44.1777 96.7732 0 -0.999991 -0.00425338 -0.999991 -1.36898e-005 0.00425349 -0.00425351 0.00425336 -0.999982 32524.dat
1 0 9.99998 -44.3644 57.1929 1 0 0 0 0.536397 -0.843966 0 0.843966 0.536397 2780.dat
1 0 10 -44.2751 36.3519 1 0 0 0 0.54485 0.838533 0 -0.838533 0.54485 2780.dat
1 0 -30 -104.131 57.2775 1 0 0 0 1 0 0 0 1 2780.dat
1 0 -10.0001 -44.4729 136.772 1 0 0 0 1 0 0 0 1 2780.dat
1 7 -80 -44.473 -2 0 0 -1 1 0 0 0 -1 0 58120.dat
1 7 62 -44.473 -4 0 0 1 -1 0 0 0 -1 0 58120.dat
1 7 0 0 0 1 0 0 0 1 0 0 0 1 Unknown
0
