0 Newer Project 5-2
0 Author: LEGO Digital Designer 4.2
0 ROTATION CENTER 27.3643 0 -33.8029 1 "Custom" 
0 ROTATION CONFIG -1 0
1 71 -38.9883 8.89752 7.42948 -0.997244 0.0703646 -0.0235375 0.0741902 0.949918 -0.303565 0.00099848 -0.304474 -0.95252 32073.dat
1 4 -78.928 11.2003 7.02618 0.0235334 -0.997244 -0.0703631 0.303568 0.0741877 -0.949917 0.952519 0.000994755 0.304477 32140.dat
1 15 -24.065 1.722 10.636 0.0703631 -0.997244 0.0235335 0.838745 0.0719172 0.539754 -0.539959 -0.0182401 0.841494 41677.dat
1 4 -48.1319 29.7356 -32.1132 0.997244 -0.0741998 9.02113e-005 -0.0741933 -0.997138 0.0145568 -0.000990157 -0.0145233 -0.999894 32524.dat
1 71 -48.996 9.15534 8.2166 0.0741943 8.48118e-005 -0.997244 0.997138 0.0145505 0.0741876 0.0145166 -0.999894 0.00099509 32184.dat
1 71 -47.5138 28.8089 28.3798 0.0741947 -8.4701e-005 0.997244 0.997138 -0.0145506 -0.0741881 0.0145167 0.999894 -0.00099512 4519.dat
1 71 -46.0282 49.0409 8.79725 0.0741943 8.47595e-005 -0.997244 0.997138 0.0145504 0.0741876 0.0145166 -0.999894 0.00099509 32184.dat
1 4 -46.2698 39.3325 -11.9712 -0.0741945 0.997244 -8.46638e-005 -0.997138 -0.0741879 -0.0145501 -0.0145162 -0.000995114 0.999894 32062.dat
1 1 -49.7362 -0.523212 -12.0515 0.0741929 -9.98029e-005 0.997244 0.997138 -0.0145492 -0.0741865 0.0145165 0.999894 -0.000979914 3749.dat
1 71 -47.5036 30.555 -91.6075 0.0741947 -8.46477e-005 0.997244 0.997138 -0.0145505 -0.0741881 0.0145167 0.999894 -0.00099512 4519.dat
1 71 -48.9892 10.3194 -71.7749 0.0741943 8.47595e-005 -0.997244 0.997138 0.0145504 0.0741876 0.0145166 -0.999894 0.00099509 32184.dat
1 71 -46.0214 50.2049 -71.1943 0.0741943 8.47595e-005 -0.997244 0.997138 0.0145504 0.0741876 0.0145166 -0.999894 0.00099509 32184.dat
1 4 -46.2664 39.9145 -51.967 -0.0741945 0.997244 -8.46618e-005 -0.997138 -0.0741879 -0.0145501 -0.0145162 -0.000995116 0.999894 32062.dat
1 1 -49.7328 0.0588149 -52.0472 0.0741931 -9.9754e-005 0.997244 0.997138 -0.0145492 -0.0741866 0.0145166 0.999894 -0.000979914 3749.dat
1 4 -45.9877 50.6636 -71.603 0.997244 0.0673234 -0.031183 -0.0741878 0.899173 -0.431259 -0.000994869 0.432383 0.901689 32062.dat
1 7 -44.6826 67.3692 -106.363 0.997244 0.0673234 -0.031183 -0.0741878 0.899173 -0.431259 -0.000994869 0.432383 0.901689 6572.dat
1 7 -48.4 30.871 -106.203 0.997244 0.0673234 -0.031183 -0.0741878 0.899173 -0.431259 -0.000994869 0.432383 0.901689 6572.dat
1 0 -66.3993 66.3528 -143.906 0.0173291 -0.984486 -0.174603 0.936595 0.0771102 -0.341825 0.349985 -0.157609 0.923401 2739b.dat
1 71 -67.3051 33.168 -32.1183 -0.000341175 0.0741943 -0.997244 -0.0145313 0.997138 0.0741914 0.999894 0.0145165 0.000737938 3023.dat
1 0 -67.2847 27.5652 -33.603 -0.000341175 0.0741943 -0.997244 -0.0145313 0.997138 0.0741914 0.999894 0.0145165 0.000737938 6574.dat
1 0 -83.8853 32.0582 -12.8146 -0.0935277 -0.981238 0.168594 0.970855 -0.052353 0.233882 -0.220667 0.185554 0.957536 2739b.dat
1 4 -45.993 49.5249 8.02008 0.997244 0.0703631 0.0235334 -0.0741876 0.949917 0.303568 -0.000994821 -0.304477 0.952519 32062.dat
1 7 -44.933 63.208 45.62 -0.997244 -0.0703631 -0.0235334 -0.0637509 0.974891 -0.213362 0.0379553 -0.211274 -0.97669 6572.dat
1 7 -49.51 22.045 45.868 -0.997244 -0.0703631 -0.0235334 -0.0517551 0.886991 -0.458878 0.053162 -0.456395 -0.888188 6572.dat
1 71 -45.0826 53.558 104.282 -0.999634 0.000224141 -0.0270467 -0.000223866 0.999863 0.0165601 0.0270467 0.0165601 -0.999497 3713.dat
1 1 -66.7123 41.1379 -31.5022 -0.0741942 -0.00154609 -0.997243 -0.997138 -0.0144416 0.074209 -0.0145166 0.999895 -0.000470052 4274.dat
1 1 -47.2653 39.6977 -31.9695 0.0741944 -0.99724 -0.002751 0.997138 0.0742264 -0.0143523 0.0145169 -0.00167827 0.999893 3749.dat
1 8 -47.084 51.507 -29.897 -0.0145169 0.00167827 -0.999893 -0.0741944 0.99724 0.002751 0.997138 0.0742264 -0.0143523 60483.dat
1 71 -38.9831 10.0362 -72.1936 -0.997244 0.0673241 0.0311801 0.0741872 0.899172 0.43126 0.000997965 0.432385 -0.901689 32073.dat
1 4 -78.926 12.2846 -71.8065 0.031183 0.997244 -0.0673231 0.431259 -0.0741874 -0.899173 -0.90169 -0.000994901 -0.432383 32140.dat
1 15 -24.434 16.099 -89.095 0.0673233 -0.997244 -0.0311828 0.899173 0.0741877 -0.431259 0.432383 0.000994944 0.901689 41677.dat
1 0 -14.0501 7.93946 -52.4296 -0.0742053 -0.997243 8.5751e-005 -0.997137 0.0741987 0.0145539 -0.0145201 0.000994468 -0.999894 6632.dat
1 1 -9.13812 6.57138 -52.4491 -0.997244 -0.0741937 -8.45709e-005 0.0741871 -0.997138 -0.0145504 0.00099522 -0.0145166 0.999894 3749.dat
1 4 -24.026 8.09932 -12.4239 -0.0742055 -0.997243 8.57522e-005 -0.997137 0.074199 0.0145539 -0.0145201 0.000994471 -0.999894 6632.dat
1 1 -9.14153 5.98936 -12.4533 -0.997244 -0.0741937 -8.45709e-005 0.0741871 -0.997138 -0.0145504 0.00099522 -0.0145166 0.999894 3749.dat
1 0 -14.0569 6.77543 27.562 -0.0742055 -0.997243 8.57522e-005 -0.997137 0.074199 0.0145539 -0.0145201 0.000994471 -0.999894 6632.dat
1 0 92.8468 28.997 -12.1098 -8.47396e-005 0.0741944 -0.997244 -0.0145504 0.997138 0.0741878 0.999894 0.0145166 0.00099506 2444.dat
1 0 52.9571 31.9645 -12.07 -8.47396e-005 0.0741944 -0.997244 -0.0145504 0.997138 0.0741878 0.999894 0.0145166 0.00099506 2444.dat
1 0 92.8503 29.579 -52.1056 8.47782e-005 0.0741944 0.997244 0.0145504 0.997138 -0.0741878 -0.999894 0.0145166 -0.000995021 2444.dat
1 0 52.9605 32.5465 -52.0658 8.47782e-005 0.0741944 0.997244 0.0145504 0.997138 -0.0741878 -0.999894 0.0145166 -0.000995021 2444.dat
1 0 52.9571 31.9645 -12.07 -8.47396e-005 0.0741944 -0.997244 -0.0145504 0.997138 0.0741878 0.999894 0.0145166 0.00099506 2444.dat
1 0 92.8503 29.579 -52.1056 8.47782e-005 0.0741944 0.997244 0.0145504 0.997138 -0.0741878 -0.999894 0.0145166 -0.000995021 2444.dat
1 0 52.9605 32.5465 -52.0658 8.47782e-005 0.0741944 0.997244 0.0145504 0.997138 -0.0741878 -0.999894 0.0145166 -0.000995021 2444.dat
1 0 14.069 35.223 -32.0281 0.997244 0.074193 -8.48486e-005 -0.0741863 0.997138 -0.0145501 -0.000994909 0.0145163 0.999894 3022.dat
1 4 53.5523 40.2327 -31.9518 0.997244 0.074193 -8.46741e-005 -0.0741863 0.997138 -0.0145501 -0.000995084 0.0145163 0.999894 3795.dat
1 71 -38.9815 9.52234 -32.4065 0.997244 0.0741945 -8.52396e-005 -0.0741879 0.997138 -0.0145504 -0.000994562 0.0145166 0.999894 32073.dat
1 0 -38.9815 9.52234 -32.4065 8.46572e-005 0.0741943 0.997244 0.0145504 0.997138 -0.0741877 -0.999894 0.0145166 -0.000995141 3713.dat
1 71 -53.9402 10.6351 -32.3916 8.47768e-005 0.0741943 0.997244 0.0145504 0.997138 -0.0741877 -0.999894 0.0145166 -0.000995021 32123a.dat
1 72 -68.8988 11.748 -32.3767 8.47768e-005 0.0741943 0.997244 0.0145504 0.997138 -0.0741877 -0.999894 0.0145166 -0.000995021 3647.dat
1 0 93.5954 40.1325 -91.9562 8.62799e-005 0.0738954 0.997266 0.0145502 0.99716 -0.0738888 -0.999894 0.0145168 -0.000989159 3705.dat
1 71 93.5941 39.9142 -76.9578 0.997266 0.0738974 -8.60098e-005 -0.0738908 0.99716 -0.0145506 -0.000989489 0.0145172 0.999894 32123a.dat
1 71 93.5984 40.6417 -126.952 0.997266 0.0738974 -8.60098e-005 -0.0738908 0.99716 -0.0145506 -0.000989489 0.0145172 0.999894 32123a.dat
1 4 233.243 30.2274 -92.0877 -0.0716481 -9.03204e-005 -0.99743 -0.997324 -0.0145497 0.0716419 -0.0145188 0.999894 0.000952435 32278.dat
1 4 47.1116 -36.8323 -113.082 0.997244 8.57179e-005 0.0741943 -0.0741877 0.0145502 0.997138 -0.000994072 -0.999894 0.0145165 32526.dat
1 1 49.2576 -16.1463 -132.783 8.561e-005 0.0741943 0.997244 0.0145503 0.997138 -0.0741877 -0.999894 0.0145166 -0.000994186 6558.dat
1 0 53.7058 43.0999 -91.9164 8.59689e-005 0.0741944 0.997244 0.0145502 0.997138 -0.0741878 -0.999894 0.0145165 -0.000993824 3705.dat
1 71 53.7045 42.8817 -76.918 0.997244 0.0741961 -8.56611e-005 -0.0741895 0.997138 -0.0145506 -0.00099418 0.0145168 0.999894 32123a.dat
1 71 53.7058 43.0999 -91.9164 0.997244 0.0741961 -8.52489e-005 -0.0741894 0.997138 -0.0145506 -0.000994593 0.0145168 0.999894 3713.dat
1 71 53.7088 43.6092 -126.913 0.997244 0.0741961 -8.56611e-005 -0.0741895 0.997138 -0.0145506 -0.00099418 0.0145168 0.999894 32123a.dat
1 71 93.5866 38.6046 13.0327 0.997248 0.0741434 -8.75078e-005 -0.0741368 0.997142 -0.0145493 -0.000991476 0.0145157 0.999894 32123a.dat
1 0 93.5853 38.3864 28.0311 8.78126e-005 0.074143 0.997248 0.0145492 0.997142 -0.0741365 -0.999894 0.0145157 -0.000991159 3705.dat
1 71 93.5823 37.8772 63.0274 0.997248 0.0741403 -8.74817e-005 -0.0741337 0.997142 -0.0145487 -0.000991412 0.0145151 0.999894 32123a.dat
1 4 233.233 28.4831 27.8996 -0.0716356 -9.0185e-005 -0.997431 -0.997325 -0.014548 0.0716293 -0.014517 0.999894 0.000952145 32278.dat
1 4 47.098 -39.1603 46.9008 0.997244 8.67317e-005 0.0741944 -0.0741878 0.0145496 0.997138 -0.000993015 -0.999894 0.014516 32526.dat
1 1 49.2405 -19.0564 67.1957 -8.66227e-005 0.0741945 -0.997244 -0.0145496 0.997138 0.0741879 0.999894 0.0145159 0.000993125 6558.dat
1 0 53.6956 41.3539 28.0709 8.6075e-005 0.0741944 0.997244 0.01455 0.997138 -0.0741878 -0.999894 0.0145162 -0.000993697 3705.dat
1 71 53.6969 41.5722 13.0725 0.997244 0.0741946 -8.57428e-005 -0.074188 0.997138 -0.01455 -0.000994035 0.0145163 0.999894 32123a.dat
1 71 53.6956 41.3539 28.0709 -0.997244 0.0741878 0.000539323 0.0741878 0.997139 0.0145162 0.000539149 0.0145163 -0.999894 3713.dat
1 71 53.6926 40.8447 63.0672 0.997244 0.0741946 -8.57428e-005 -0.074188 0.997138 -0.01455 -0.000994035 0.0145163 0.999894 32123a.dat
1 71 -91.538 -22.2195 -89.4431 -0.997244 0.0675892 0.0306066 0.0741895 0.902833 0.423544 0.000994376 0.424647 -0.905359 3673.dat
1 0 -102.608 -23.5189 -35.1561 0.0741851 -0.00117245 0.997244 0.996818 -0.0291634 -0.0741876 0.0291701 0.999574 -0.00099467 731.dat
1 15 -101.609 -23.5331 -89.6689 -0.074185 -0.00117249 -0.997244 -0.996818 -0.0291633 0.0741877 -0.02917 0.999574 0.000994833 4255.dat
1 71 -91.6631 -25.3661 19.8106 -0.997244 0.0741877 0 0.0741877 0.997244 2.5005e-005 0 2.50114e-005 -1 3673.dat
1 71 -43.854 65.4794 -164.405 0.998358 -0.0006296 -0.0572729 4.14235e-005 0.999947 -0.0102703 0.0572763 0.0102511 0.998306 3713.dat
1 8 -42.197 64.999 -189.854 -0.0572763 -0.0102511 -0.998306 4.14235e-005 0.999947 -0.0102703 0.998358 -0.0006296 -0.0572729 3705.dat
1 8 -47.263 53.156 125.431 -0.0572763 -0.0102511 -0.998306 4.14235e-005 0.999947 -0.0102703 0.998358 -0.0006296 -0.0572729 3705.dat
1 4 -50.4746 -9.9144 -52.0674 -0.000111138 0.0741927 0.997244 0.0145649 0.997138 -0.0741832 -0.999894 0.0145165 -0.00119143 32523.dat
1 1 -72.402 -28.3273 -52.9582 0.0741917 -0.997244 0.000113286 0.997138 0.0741822 -0.0145651 0.0145165 0.00119357 0.999894 6558.dat
1 4 -113.91 -44.1282 -133.192 0.997244 0.0741945 0.000117957 -0.0741849 0.997138 -0.014566 -0.00119833 0.0145171 0.999894 32526.dat
1 0 -114.028 -54.1387 -133.838 0.0741924 0.000539355 -0.997244 0.997138 0.0145169 0.0741923 0.0145168 -0.999894 0.00053929 2780.dat
1 0 -114.019 -55.304 -53.8463 0.0741924 0.000539355 -0.997244 0.997138 0.0145169 0.0741923 0.0145168 -0.999894 0.00053929 2780.dat
1 71 -51.9585 -29.8571 -52.3577 -0.000111095 0.074191 0.997244 0.0145649 0.997138 -0.0741815 -0.999894 0.0145165 -0.00119136 32523.dat
1 1 -32.5123 -31.2947 -53.0059 0.0741919 -0.997244 0.000175188 0.997138 0.0741815 -0.0145697 0.0145165 0.00125564 0.999894 6558.dat
1 4 6.99122 -53.1217 -133.345 -0.997244 -0.0741925 0.00030491 0.0741802 -0.997138 -0.0145783 0.00138564 -0.0145155 0.999894 32526.dat
1 0 5.62628 -63.0395 -133.989 0.0741924 0.000539355 -0.997244 0.997138 0.0145169 0.0741923 0.0145168 -0.999894 0.00053929 2780.dat
1 0 5.65059 -64.2058 -53.9973 0.0741924 0.000539355 -0.997244 0.997138 0.0145169 0.0741923 0.0145168 -0.999894 0.00053929 2780.dat
1 4 -50.4783 -10.4964 -12.0716 0.000307448 0.0741927 0.997244 0.0145338 0.997138 -0.0741894 -0.999894 0.0145165 -0.000771733 32523.dat
1 1 -72.4054 -28.9092 -12.9711 0.0741918 -0.997244 -0.000310052 0.997138 0.0741884 -0.0145336 0.0145166 0.000769111 0.999894 6558.dat
1 4 -113.929 -47.0377 66.7606 0.997244 -0.0741863 0.0003262 -0.0741832 -0.997139 0.0145399 -0.000753395 -0.014524 -0.999894 32526.dat
1 0 -114.022 -55.8856 -13.8766 0.0741924 0.000539355 -0.997244 0.997138 0.0145169 0.0741923 0.0145168 -0.999894 0.00053929 2780.dat
1 0 -114.048 -57.0482 66.115 0.0741924 0.000539355 -0.997244 0.997138 0.0145169 0.0741923 0.0145168 -0.999894 0.00053929 2780.dat
1 71 -51.9621 -30.4391 -12.362 0.000307491 0.074191 0.997244 0.0145338 0.997138 -0.0741876 -0.999894 0.0145165 -0.000771665 32523.dat
1 1 -32.5157 -31.8768 -13.0045 0.0741918 -0.997229 -0.00544554 0.997138 0.0742624 -0.0141514 0.0145166 -0.00438004 0.999885 6558.dat
1 4 6.98783 -56.0333 66.6674 -0.997244 0.0741878 0.000539335 0.0741878 0.997139 0.0145166 0.00053916 0.0145166 -0.999894 32526.dat
1 0 5.62289 -65.951 66.0227 0.0741924 0.000539355 -0.997244 0.997138 0.0145169 0.0741923 0.0145168 -0.999894 0.00053929 2780.dat
1 0 5.6472 -64.7883 -13.9688 0.0741924 0.000539355 -0.997244 0.997138 0.0145169 0.0741923 0.0145168 -0.999894 0.00053929 2780.dat
1 0 -44.029 64.552 -144.048 -0.997138 -0.0145169 -0.0741923 0.0145168 -0.999894 0.00053929 -0.0741924 -0.000539355 0.997244 6571.dat
1 0 -43.992 57.591 84.933 -0.997396 -0.0251041 -0.0676048 -0.020491 0.997469 -0.0680848 0.069143 -0.0665221 -0.995387 6571.dat
0 MLCAD HIDE 1 0 -8.742 2.566 -31.481 -0.069143 0.0665221 0.995387 0.238352 0.969978 -0.0482675 -0.968714 0.233915 -0.0829229 58120.dat
1 7 -10.5004 2.10452 -29.3006 -0.069143 0.0665221 0.995387 0.238352 0.969978 -0.0482675 -0.968714 0.233915 -0.0829229 58120.dat
0 MLCAD HIDE 1 7 -10.5004 2.10452 -29.3006 -0.069143 0.0665221 0.995387 0.238352 0.969978 -0.0482675 -0.968714 0.233915 -0.0829229 32020.dat
0
