0 New LDraw Crane and extender
0 Author: LEGO Digital Designer 4.2
0 ROTATION CENTER 0 0 0 1 "Custom" 
0 ROTATION CONFIG -1 0
1 0 -39.9936 -8.008 -40.0026 1 0 0 0 1 0 0 0 1 3032.dat
1 0 20.0071 -8.01159 9.9965 1 0 0 0 1 0 0 0 1 3023.dat
1 0 -89.9939 -8.00589 -110.003 1 0 0 0 1 0 0 0 1 2420.dat
1 0 30.007 -8.01401 -40.0037 0 8.58806e-005 1 -3.12346e-005 1 -8.58806e-005 -1 -3.12346e-005 0 3710.dat
1 0 -19.9937 -8.01128 -90.0028 1 0 0 0 1 0 0 0 1 3666.dat
1 71 20.0038 -37.5181 -110.003 0 5.9554e-005 1 -0.000146517 1 -5.95539e-005 -1 -0.000146517 0 4519.dat
1 0 20.0038 -37.5211 -130.003 1 0 0 0 1 0 0 0 1 32269.dat
1 4 60.0039 -37.4017 -110.002 -6.629e-005 -2.04171e-005 -1 -1 0.000180035 6.63616e-005 0.000179959 1 -2.03538e-005 32526.dat
1 0 0.0037266 -37.5236 -100.003 0 7.62259e-005 1 -0.000124012 1 -7.62259e-005 -1 -0.000124012 0 2780.dat
1 71 -79.6402 -37.6537 9.99844 3.8057e-005 0.706631 0.707582 0.000168974 0.707582 -0.706631 -1 0.000146488 -9.24873e-005 4519.dat
1 19 -79.6402 -37.6545 29.9983 0.707582 0.706631 3.83e-005 -0.706631 0.707582 9.26397e-005 3.83618e-005 -9.26142e-005 1 32269.dat
1 0 -60.1757 -38.4839 -0.000841156 -1.11495e-005 -0.360769 -0.932655 -6.44415e-005 -0.932655 0.360769 -1 6.41961e-005 -1.24641e-005 2780.dat
1 4 -39.9946 -37.3899 9.99953 -6.08562e-005 0 -1 -1 0 6.09779e-005 0 1 0 32526.dat
1 0 -100.176 -38.4806 -0.000638173 0 -0.36078 -0.932651 -4.05788e-005 -0.932651 0.36078 -1 4.11309e-005 0 2780.dat
1 0 -40.175 -38.4808 19.9995 0 -0.360746 -0.932664 -3.88653e-005 -0.932664 0.360746 -1 3.39577e-005 -1.98832e-005 2780.dat
1 0 -20.1754 -38.48 20 3.62276e-005 -0.360753 -0.932661 -6.25154e-005 -0.932661 0.360753 -1 4.52465e-005 -5.62871e-005 2780.dat
1 1 -19.997 -97.5136 20.0036 -2.6984e-005 0 -1 6.43209e-005 1 0 1 -6.43209e-005 -2.6984e-005 3749.dat
1 4 -19.3697 -98.013 30.0037 -1 0 0 0 6.53788e-005 1 0 1 -6.52765e-005 32140.dat
1 0 -20.6217 -98.0143 10.0036 1 -2.37601e-005 -3.5813e-005 -3.58114e-005 6.37341e-005 -1 2.37623e-005 1 6.37333e-005 32524.dat
1 1 -19.9987 -157.514 10.0075 2.95237e-005 -4.00336e-005 1 -7.88679e-005 1 4.00359e-005 -1 -7.88691e-005 2.95206e-005 6558.dat
1 0 40.0022 -158.64 -9.99063 -1.25143e-005 2.61045e-005 -1 1 -8.2409e-005 -1.25806e-005 -8.24734e-005 -1 -2.60394e-005 32140.dat
1 1 40.0019 -157.514 0.00927506 2.61846e-005 -1.25323e-005 1 -8.22954e-005 1 1.25345e-005 -1 -8.22957e-005 2.61835e-005 3749.dat
1 4 40.6268 -158.013 10.0093 -1 0 0 0 9.01621e-005 1 0 1 -9.00579e-005 32526.dat
1 1 40.0027 -77.5152 -9.99801 2.20115e-005 1.62018e-005 1 -9.36694e-005 1 -1.61997e-005 -1 -9.36691e-005 2.2013e-005 6558.dat
1 0 -19.9974 -78.6395 -9.99931 1.03145e-005 -2.27854e-005 1 1 9.11474e-005 -1.02933e-005 -9.11281e-005 1 2.28055e-005 32526.dat
1 1 0.00264442 -77.5147 -9.99899 2.20115e-005 1.22611e-005 1 -8.84486e-005 1 -1.22591e-005 -1 -8.84483e-005 2.20125e-005 6558.dat
1 4 -79.997 -77.3897 -30.0011 -2.02244e-005 -2.59151e-005 -1 -1 9.148e-005 2.02368e-005 9.14647e-005 1 -2.59022e-005 41239.dat
1 0 19.6504 -77.6659 -61.9985 2.01904e-005 -0.706546 0.707667 -9.27984e-005 0.707667 0.706546 -1 -7.99097e-005 -5.12676e-005 3707.dat
1 71 19.6502 -77.6648 -49.9985 -0.707667 -0.706546 3.31483e-005 -0.706546 0.707667 -7.98881e-005 3.29867e-005 -7.9955e-005 -1 3713.dat
1 71 19.652 -77.6723 -129.999 0.707667 -0.706546 0 0.706546 0.707667 8.66187e-005 -5.76989e-005 -6.47929e-005 1 32270.dat
1 4 -79.9963 -77.3958 -70.001 0 -2.42829e-005 -1 -1 9.74241e-005 0 9.73303e-005 1 -2.41891e-005 41239.dat
1 1 0.0041844 -77.5223 -89.999 -2.1976e-005 0 -1 9.49326e-005 1 0 1 -9.49326e-005 -2.1976e-005 6558.dat
1 0 -19.9959 -78.648 -89.9992 -1.02931e-005 -2.0242e-005 1 1 0.000109769 1.03176e-005 -0.000109747 1 2.02631e-005 32526.dat
1 0 59.5423 -37.8317 -100.002 1.69854e-005 -0.922724 0.385462 -0.000144238 0.385462 0.922724 -1 -7.12501e-005 -0.000126531 2780.dat
1 1 40.2439 -77.5836 -89.9981 -2.18619e-005 0.479423 -0.877584 0.000103104 0.877584 0.479423 1 -7.99892e-005 -6.86129e-005 6558.dat
1 4 40.629 -158.024 -109.99 -1 0 0 0 9.48827e-005 1 0 1 -9.47781e-005 32526.dat
1 1 40.0037 -157.523 -99.9906 -1.75629e-005 4.52242e-005 -1 8.96258e-005 1 4.52226e-005 1 -8.9625e-005 -1.7567e-005 3749.dat
1 0 40.0034 -158.648 -89.9904 4.52919e-005 1.7401e-005 -1 1 -8.97463e-005 4.51592e-005 -8.98767e-005 -1 -1.7274e-005 32140.dat
1 1 -19.756 -157.583 -109.991 -2.64168e-005 0.47946 -0.877564 9.11843e-005 0.877564 0.47946 1 -6.73379e-005 -6.68974e-005 6558.dat
1 4 -19.3703 -138.022 -109.993 -1 0 0 0 9.30282e-005 1 0 1 -9.29237e-005 32523.dat
1 1 -19.7557 -137.583 -109.993 -1.77979e-005 0.47946 -0.877564 9.11392e-005 0.877564 0.47946 1 -7.14577e-005 -5.93191e-005 6558.dat
1 0 -20.6205 -98.0232 -129.997 1 -3.69773e-005 0 0 0.000100569 -1 3.69773e-005 1 0.000100569 32524.dat
1 0 -19.996 -97.5226 -119.997 4.51386e-005 0 1 -8.9082e-005 1 0 -1 -8.9082e-005 4.51386e-005 2780.dat
1 71 -80.0033 -97.5127 -10.0016 6.88605e-005 1.34735e-005 1 -8.33196e-005 1 -1.34677e-005 -1 -8.33187e-005 6.88616e-005 32054.dat
1 0 -59.9998 -97.5171 -60.0003 6.90989e-005 1.34735e-005 1 -8.33196e-005 1 -1.34677e-005 -1 -8.33187e-005 6.91e-005 3707.dat
1 71 -60.0005 -97.5163 -50.0003 -1 1.34678e-005 0 1.34678e-005 1 -8.33187e-005 0 -8.33187e-005 -1 3713.dat
1 71 -59.995 -97.5229 -130 -1 1.34678e-005 0 1.34678e-005 1 -8.33187e-005 0 -8.33187e-005 -1 3713.dat
1 71 -60.0046 -97.5113 9.99996 -1 1.34678e-005 0 1.34678e-005 1 -8.33187e-005 0 -8.33187e-005 -1 3713.dat
1 4 -160.003 -97.3866 -10.0072 -1.34842e-005 -6.87123e-005 -1 -1 8.33566e-005 1.34775e-005 8.33566e-005 1 -6.87144e-005 41239.dat
1 4 -59.9964 -97.3963 -110 -1.34842e-005 -6.87123e-005 -1 -1 8.33566e-005 1.34775e-005 8.33566e-005 1 -6.87144e-005 32316.dat
1 4 -159.998 -97.3932 -90.0072 -1.34842e-005 -6.87123e-005 -1 -1 8.33566e-005 1.34775e-005 8.33566e-005 1 -6.87144e-005 41239.dat
1 0 -179.997 -98.6485 -110.008 -5.3105e-005 -6.00061e-005 1 1 7.986e-005 5.32492e-005 -7.97238e-005 1 6.01413e-005 32140.dat
1 1 -179.998 -97.5227 -100.008 6.92275e-005 -0.000126053 1 -7.99627e-005 1 0.000126059 -1 -7.99715e-005 6.92174e-005 3749.dat
1 1 -39.9979 -77.5136 -10.0001 3.48849e-005 0.000124685 1 -9.27917e-005 1 -0.000124682 -1 -9.27873e-005 3.48964e-005 6558.dat
1 1 -79.9991 -77.4996 19.998 -6.33116e-005 0.000276063 -1 8.33328e-005 1 0.000276058 1 -8.33153e-005 -6.33346e-005 3749.dat
1 71 -80.4999 -77.9986 29.998 0.000275932 -1 -6.28798e-005 1 0.000275926 9.44755e-005 -9.44582e-005 -6.29059e-005 1 32270.dat
1 1 -119.998 -98.5187 -90.0043 -5.98819e-005 7.98816e-005 1 8.00052e-005 -1 7.98864e-005 1 8.001e-005 6.01524e-005 6558.dat
1 71 -39.9966 -97.5234 -129.999 -1 -9.07179e-005 0 -9.07179e-005 1 -8.53281e-005 0 -8.53281e-005 -1 3713.dat
1 71 20.003 -157.513 -70.999 -0.866071 0.499921 -4.26641e-005 0.499921 0.866071 -7.38963e-005 0 -8.53281e-005 -1 3713.dat
1 71 21.371 -157.144 -30.999 0.866071 -0.499921 4.26641e-005 0.499921 0.866071 -7.38963e-005 0 8.53281e-005 1 3713.dat
1 71 -40.0021 -97.5145 -24.9987 1 0 0 0 1 0 0 0 1 32123a.dat
1 71 -39.9995 -97.5187 -74.9987 1 0 0 0 1 0 0 0 1 32123a.dat
1 4 -40.6381 -98.0171 30.0011 1 -4.39162e-005 0.000230258 0.000230262 9.10409e-005 -1 4.38952e-005 1 9.1051e-005 32140.dat
1 72 -40.0008 -97.5166 -49.9987 5.27738e-005 -9.07134e-005 1 -8.53233e-005 1 9.07179e-005 -1 -8.53281e-005 5.2766e-005 75535.dat
1 7 -39.9974 -97.5244 -49.0021 5.27738e-005 -9.07134e-005 1 -8.53233e-005 1 9.07179e-005 -1 -8.53281e-005 5.2766e-005 60485.dat
1 0 -99.9983 -77.3699 9.99716 -0.00027619 4.35822e-005 1 -1 -8.42646e-005 -0.00027615 8.42158e-005 -1 4.35688e-005 32140.dat
1 1 -99.9975 -77.4958 -0.00282967 -6.33209e-005 0.000219518 -1 8.33328e-005 1 0.000219513 1 -8.33189e-005 -6.33392e-005 3749.dat
1 0 -199.512 -97.9227 -0.00980301 6.68968e-005 0.984536 0.175181 -8.12819e-005 0.175181 -0.984536 -1 5.15264e-005 9.18251e-005 2780.dat
1 4 -200.005 -97.3846 9.98995 -2.06222e-005 -6.54776e-005 -1 -1 8.44779e-005 2.07735e-005 8.43196e-005 1 -6.53225e-005 32526.dat
1 1 -240.003 -98.5105 -10.0126 6.68961e-005 -8.45913e-005 -1 -8.44677e-005 -1 8.45856e-005 -1 8.4462e-005 -6.69623e-005 6558.dat
1 4 -120 -118.641 -30.0054 1 0 0 0 1 0 0 0 1 6536.dat
1 4 -240 -118.639 -30.0137 1 0 0 0 1 0 0 0 1 6536.dat
1 4 -255 -117.515 -70.0062 0 1 0 -1 0 0 0 0 1 6632.dat
1 4 -119.998 -118.644 -70.0055 1 0 0 0 1 0 0 0 1 6536.dat
1 4 -239.998 -118.642 -70.0137 1 0 0 0 1 0 0 0 1 6536.dat
1 4 -225 -117.515 -70.0062 0 1 0 -1 0 0 0 0 1 6632.dat
1 4 -135 -117.515 -70.0062 0 1 0 -1 0 0 0 0 1 6632.dat
1 4 -85.0005 -117.515 -70.0062 0 1 0 -1 0 0 0 0 1 6632.dat
1 0 -210 -117.39 -50.0063 0 1 0 -1 0 0 0 0 1 32523.dat
1 0 -190 -117.39 -50.0063 0 1 0 -1 0 0 0 0 1 32523.dat
1 0 -170 -117.39 -50.0063 0 1 0 -1 0 0 0 0 1 32523.dat
1 0 -150 -117.39 -50.0062 0 1 0 -1 0 0 0 0 1 32523.dat
1 0 -100 -117.39 -50.0062 0 1 0 -1 0 0 0 0 1 32523.dat
1 1 -120.003 -98.5121 -10.0043 6.58845e-005 -8.37024e-005 -1 -8.35788e-005 -1 8.36969e-005 -1 8.35733e-005 -6.59508e-005 6558.dat
1 0 -140.004 -97.3852 9.99438 -1.20231e-005 -6.26282e-005 -1 -1 8.32687e-005 1.20395e-005 8.32464e-005 1 -6.26077e-005 32316.dat
1 0 -159.512 -97.9232 -0.00711737 6.51756e-005 0.984541 0.175156 -8.31189e-005 0.175156 -0.984541 -1 4.95628e-005 9.32888e-005 2780.dat
1 71 -100.355 -97.6602 -30.003 -0.707632 -0.706581 4.39867e-005 -0.706581 0.707632 -0.000106076 4.38252e-005 -0.000106143 -1 3713.dat
1 0 -100.357 -97.6577 -0.00299156 6.62586e-005 -0.706581 0.707632 -8.3762e-005 0.707632 0.706581 -1 -0.000106042 -1.22781e-005 3705.dat
1 71 -100.359 -97.6552 29.997 0.707632 -0.706581 -6.58634e-005 0.706581 0.707632 8.60483e-005 -1.4193e-005 -0.000107428 1 32270.dat
1 0 -180.357 -97.6564 3.99193 6.6107e-005 -0.706581 0.707632 -8.24135e-005 0.707632 0.706581 -1 -0.000104914 -1.1405e-005 3705.dat
1 71 -180.355 -97.6592 -30.0081 -0.707632 -0.706581 4.3511e-005 -0.706581 0.707632 -0.000104927 4.33494e-005 -0.000104994 -1 3713.dat
1 71 -180.359 -97.6541 31.9919 0.707632 -0.706581 -6.09516e-005 0.706581 0.707632 8.37073e-005 -1.60147e-005 -0.000102301 1 32270.dat
1 0 -140.004 -97.5109 1.99422 6.60293e-005 -0.000691931 1 -8.33169e-005 1 0.000691937 -1 -8.33625e-005 6.59716e-005 3705.dat
1 71 -140.002 -97.5135 -30.0058 -1 -0.000691937 0 -0.000691937 1 -8.33625e-005 0 -8.33626e-005 -1 3713.dat
1 19 -140.006 -97.5086 29.9942 1 0 0 0 1 0 0 0 1 32269.dat
1 1 -239.998 -98.5172 -90.0126 -6.76366e-005 8.37055e-005 1 8.38291e-005 -1 8.37112e-005 1 8.38348e-005 6.75705e-005 6558.dat
1 4 -199.996 -97.3944 -110.01 -1.40752e-005 -6.65082e-005 -1 -1 8.43141e-005 1.41642e-005 8.42185e-005 1 -6.64148e-005 32526.dat
1 71 -280.001 -117.513 -50.0136 1 0 0 0 1 0 0 0 1 32270.dat
1 71 -279.995 -117.52 -130.014 -1 8.42251e-005 0 8.42251e-005 1 -8.92827e-005 0 -8.92827e-005 -1 3713.dat
1 71 -280.006 -117.506 29.9864 1 0 0 0 1 0 0 0 1 32270.dat
1 0 -280.003 -117.511 -20.0136 6.92181e-005 1.7459e-005 1 -8.60014e-005 1 -1.7453e-005 -1 -8.60002e-005 6.92196e-005 75535.dat
1 0 -279.999 -117.516 -80.0136 6.92181e-005 1.7459e-005 1 -8.60014e-005 1 -1.7453e-005 -1 -8.60002e-005 6.92196e-005 75535.dat
1 0 -219.505 -97.9307 -100.011 6.76937e-005 0.984536 0.175185 -8.3975e-005 0.175185 -0.984536 -1 5.19391e-005 9.45325e-005 2780.dat
1 0 -259.505 -97.9301 -100.014 6.76937e-005 0.984536 0.175185 -8.40836e-005 0.175185 -0.984536 -1 5.18305e-005 9.47144e-005 2780.dat
1 0 -279.505 -97.9299 -100.015 6.76937e-005 0.984536 0.175185 -8.40836e-005 0.175185 -0.984536 -1 5.18305e-005 9.47144e-005 2780.dat
1 0 -220.004 -97.51 -0.0112709 6.71012e-005 -0.000690011 1 -8.27648e-005 1 0.000690016 -1 -8.2811e-005 6.70441e-005 3705.dat
1 71 -220.002 -97.5125 -30.0113 -1 -0.000690016 0 -0.000690016 1 -8.2811e-005 0 -8.28111e-005 -1 3713.dat
1 19 -220.006 -97.5075 29.9887 1 0 0 0 1 0 0 0 1 32269.dat
1 0 -259.651 -97.6553 1.98609 6.69446e-005 0.706598 0.707615 -8.64437e-005 0.707615 -0.706598 -1 -1.39096e-005 0.00010847 3705.dat
1 71 -259.649 -97.6581 -30.0139 -0.707615 0.706598 0 0.706598 0.707615 -1.38736e-005 0 -1.38068e-005 -1 3713.dat
1 71 -259.653 -97.653 29.9861 0.707615 0.706598 -6.46849e-005 -0.706598 0.707615 6.88692e-005 9.44349e-005 0 1 32270.dat
1 71 -79.9964 -97.521 -110.002 -6.89443e-005 1.34735e-005 -1 8.33196e-005 1 1.34677e-005 1 -8.33187e-005 -6.89455e-005 32054.dat
1 0 -119.997 -77.5209 -120.006 6.81471e-005 -1.82675e-005 1 -9.28561e-005 1 1.82738e-005 -1 -9.28573e-005 6.81454e-005 2780.dat
1 0 -79.9964 -77.3973 -130.003 -1.67173e-005 -6.7362e-005 -1 -1 0.000104282 1.67728e-005 0.000104218 1 -6.73012e-005 32316.dat
1 0 -99.9957 -77.5231 -140.004 6.52851e-005 1.62807e-005 1 -0.000108546 1 -1.62736e-005 -1 -0.000108545 6.52869e-005 2780.dat
1 4 -99.9951 -78.6493 -150.004 1.58788e-005 -6.34701e-005 1 1 0.000113123 -1.57729e-005 -0.000113023 1 6.35707e-005 32526.dat
1 1 -19.9464 -57.5254 -130.001 -4.78359e-005 0.0987246 -0.995115 0.000132721 0.995115 0.0987246 1 -0.000127355 -6.07053e-005 6558.dat
1 0 -39.9957 -77.524 -140 6.52851e-005 1.62823e-005 1 -0.00010879 1 -1.62752e-005 -1 -0.000108789 6.52869e-005 2780.dat
1 0 -79.9957 -77.5234 -140.003 6.52851e-005 1.62812e-005 1 -0.000108628 1 -1.62741e-005 -1 -0.000108627 6.52869e-005 2780.dat
1 1 -19.9847 -37.5231 -130.004 -3.44813e-005 0.0211515 -0.999776 0.000132695 0.999776 0.0211515 1 -0.000131936 -3.72803e-005 6558.dat
1 0 -19.9955 -77.5243 -139.999 5.18146e-005 1.01666e-005 1 -0.000105722 1 -1.01612e-005 -1 -0.000105722 5.18157e-005 2780.dat
1 0 -99.9971 -97.5199 -100.003 6.89797e-005 1.35851e-005 1 -8.33507e-005 1 -1.35793e-005 -1 -8.33498e-005 6.89808e-005 2780.dat
1 0 -19.9957 -117.395 -89.9953 -3.86594e-005 1.88476e-005 1 -1 -8.67689e-005 -3.87579e-005 8.68682e-005 -1 1.8951e-005 32140.dat
1 1 -19.9956 -117.521 -99.9953 -1.92325e-005 3.87795e-005 -1 8.68198e-005 1 3.87778e-005 1 -8.68191e-005 -1.92358e-005 3749.dat
1 1 0.00404538 -117.52 -99.9949 0 0 1 0 1 0 -1 0 0 3749.dat
1 0 20.0037 -117.519 -59.9945 1.89117e-005 1.18103e-005 1 -7.9616e-005 1 -1.18088e-005 -1 -7.96157e-005 1.89127e-005 3707.dat
1 71 20.004 -117.52 -74.9945 1 0 0 0 1 0 0 0 1 32123a.dat
1 71 20.003 -117.516 -24.9945 1 0 0 0 1 0 0 0 1 32123a.dat
1 71 20.0024 -117.514 10.0055 -1 1.18089e-005 0 1.18089e-005 1 -7.96157e-005 0 -7.96157e-005 -1 3713.dat
1 19 20.0052 -117.525 -129.995 1 0 0 0 1 0 0 0 1 32269.dat
1 72 20.0035 -117.518 -49.9945 1.89117e-005 1.18103e-005 1 -7.9616e-005 1 -1.18088e-005 -1 -7.96157e-005 1.89127e-005 75535.dat
1 0 -19.9973 -117.391 -9.99524 1.50525e-005 1.79284e-005 1 -1 -7.84813e-005 1.50378e-005 7.84976e-005 -1 1.79433e-005 32140.dat
1 1 -19.9974 -118.515 0.00485385 1.80047e-005 -7.86301e-005 -1 -7.85065e-005 -1 7.86287e-005 -1 7.85051e-005 -1.77358e-005 3749.dat
1 0 39.8222 -138.48 0.00751297 3.20562e-005 -0.36074 -0.932666 -8.54846e-005 -0.932666 0.36074 -1 6.81857e-005 -6.06231e-005 2780.dat
1 0 40.4947 -117.926 0.00579605 2.63658e-005 0.98454 0.175158 -8.58448e-005 0.175158 -0.98454 -1 1.09131e-005 8.91431e-005 2780.dat
1 0 40.0174 -138.523 -99.9923 2.22386e-005 0.0271199 -0.999632 -8.98408e-005 -0.999632 -0.0271199 -1 9.04077e-005 -1.95653e-005 2780.dat
1 0 40.4674 -117.835 -99.9942 1.51874e-005 0.926509 0.376274 -9.12098e-005 0.376274 -0.926509 -1 -2.02397e-005 9.02153e-005 2780.dat
1 71 20.3549 -157.659 10.009 -0.707645 0.706569 -1.84338e-005 0.706569 0.707645 -4.47797e-005 -1.85954e-005 -4.47129e-005 -1 3713.dat
1 0 20.3562 -157.665 -59.9911 1.89913e-005 0.706569 0.707645 -8.21792e-005 0.707645 -0.706569 -1 -4.47686e-005 7.15182e-005 3707.dat
1 71 20.3572 -157.669 -109.991 0.707645 0.706569 -1.84764e-005 -0.706569 0.707645 8.1681e-005 7.07879e-005 -4.47463e-005 1 3713.dat
1 71 20.3576 -157.671 -129.991 0.707645 0.706569 -1.41102e-005 -0.706569 0.707645 8.76023e-005 7.18821e-005 -5.20214e-005 1 32270.dat
1 0 -179.504 -77.9342 -80.0033 2.03281e-005 0.984539 0.175168 -0.00010166 0.175168 -0.984539 -1 0 0.000103758 2780.dat
1 0 -259.504 -77.9337 -80.0054 1.84594e-005 0.984546 0.175128 -9.77822e-005 0.175128 -0.984546 -1 0 9.95259e-005 2780.dat
1 1 -239.996 -78.5213 -80.0049 -3.34143e-005 9.95306e-005 1 9.96542e-005 -1 9.95339e-005 1 9.96575e-005 3.33464e-005 3749.dat
1 0 -239.996 -77.3954 -70.005 0 -2.4194e-005 -1 -1 9.87766e-005 0 9.87613e-005 1 -2.41787e-005 32140.dat
1 0 -219.996 -77.3972 -90.0045 0 -2.40907e-005 -1 -1 9.87766e-005 0 9.86581e-005 1 -2.39722e-005 32316.dat
1 0 -199.504 -77.9342 -80.0039 2.003e-005 0.984539 0.175168 -9.93421e-005 0.175168 -0.984539 -1 0 0.000101367 2780.dat
1 0 -279.504 -77.9335 -80.0059 1.98412e-005 0.984542 0.175146 -0.00010166 0.175147 -0.984542 -1 0 0.000103636 2780.dat
1 4 -279.996 -57.397 -90.007 -1 0 -2.24161e-005 0 -1 0.000101174 -2.24161e-005 0.000101174 1 6536.dat
1 1 -269.996 -57.5217 -90.0067 -1 -2.75112e-005 0 -2.75112e-005 1 -0.000101269 0 -0.000101269 -1 3749.dat
1 0 -259.997 -57.3907 -50.0066 2.57092e-005 1 -2.15994e-005 -1 2.57123e-005 0.000143953 0.000143953 2.15957e-005 1 32316.dat
1 71 -299.997 -58.0166 -49.3824 1 2.15994e-005 -2.58793e-005 2.58824e-005 -0.000143929 1 2.15957e-005 -1 -0.000143929 32184.dat
1 71 -239.997 -58.019 -49.3806 1 2.15994e-005 -2.58793e-005 2.58824e-005 -0.000143929 1 2.15957e-005 -1 -0.000143929 32184.dat
1 71 -139.997 -58.0125 -49.3789 1 2.15994e-005 -2.58793e-005 2.58824e-005 -0.000143929 1 2.15957e-005 -1 -0.000143929 32184.dat
1 71 -199.997 -58.0179 -49.3797 1 2.15994e-005 -2.58793e-005 2.58824e-005 -0.000143929 1 2.15957e-005 -1 -0.000143929 32184.dat
1 71 -219.998 -57.5157 -30.0052 -2.11398e-005 -1.87921e-005 -1 0.000144112 1 -1.87951e-005 1 -0.000144112 -2.11371e-005 3713.dat
1 71 -279.998 -57.5134 -30.007 -2.11398e-005 -1.87921e-005 -1 0.000144112 1 -1.87951e-005 1 -0.000144112 -2.11371e-005 3713.dat
1 71 -159.998 -57.5142 -30.0039 -2.11398e-005 -1.87921e-005 -1 0.000144112 1 -1.87951e-005 1 -0.000144112 -2.11371e-005 3713.dat
1 71 -279.997 -57.5192 -70.007 -2.11398e-005 -1.87921e-005 -1 0.000144112 1 -1.87951e-005 1 -0.000144112 -2.11371e-005 3713.dat
1 71 -219.997 -57.5176 -70.0057 -2.11398e-005 -1.87921e-005 -1 0.000144112 1 -1.87951e-005 1 -0.000144112 -2.11371e-005 3713.dat
1 71 -159.997 -57.5161 -70.0044 -2.11398e-005 -1.87921e-005 -1 0.000144112 1 -1.87951e-005 1 -0.000144112 -2.11371e-005 3713.dat
1 0 -179.997 -57.3925 -50.0044 2.58284e-005 1 -2.15994e-005 -1 2.58316e-005 0.000143953 0.000143953 2.15957e-005 1 32316.dat
1 4 -159.996 -57.3977 -90.0038 -1 0 -2.27599e-005 0 -1 9.75502e-005 -2.27599e-005 9.75502e-005 1 6536.dat
1 1 -169.996 -57.523 -90.0041 1 0 0 0 1 0 0 0 1 3749.dat
1 0 -159.504 -77.9341 -80.0029 2.02335e-005 0.984536 0.175185 -0.000100302 0.175185 -0.984536 -1 0 0.000102388 2780.dat
1 4 -279.998 -57.3854 -10.007 -1 0 -2.15569e-005 0 -1 9.022e-005 -2.15569e-005 9.022e-005 1 6536.dat
1 1 -269.998 -57.5102 -10.0067 -1 -2.46792e-005 0 -2.46792e-005 1 -9.03154e-005 0 -9.03154e-005 -1 3749.dat
1 0 -279.505 -77.9237 -20.0061 1.84237e-005 0.984542 0.175148 -9.24333e-005 0.175148 -0.984542 -1 0 9.4212e-005 2780.dat
1 0 -219.997 -77.3855 -10.0048 0 -2.34193e-005 -1 -1 9.11768e-005 0 9.10706e-005 1 -2.33132e-005 32316.dat
1 1 -239.997 -77.5115 -20.0052 3.36953e-005 -1.35916e-005 1 -9.19889e-005 1 1.35947e-005 -1 -9.19894e-005 3.36941e-005 3749.dat
1 0 -239.997 -77.3873 -30.0053 0 -2.33624e-005 -1 -1 9.13159e-005 0 9.12308e-005 1 -2.32773e-005 32140.dat
1 0 -259.505 -77.9238 -20.0057 1.74482e-005 0.984545 0.175134 -9.03901e-005 0.175134 -0.984545 -1 0 9.20546e-005 2780.dat
1 0 -179.505 -77.9241 -20.0036 1.99397e-005 0.984541 0.175157 -9.6529e-005 0.175157 -0.984541 -1 0 9.85479e-005 2780.dat
1 0 -199.505 -77.9239 -20.0042 1.935e-005 0.984541 0.175157 -9.18732e-005 0.175157 -0.984541 -1 0 9.3864e-005 2780.dat
1 4 -159.998 -57.3863 -10.0039 -1 0 -2.0946e-005 0 -1 8.96737e-005 -2.0946e-005 8.96737e-005 1 6536.dat
1 1 -169.998 -57.5115 -10.0041 1 0 0 0 1 0 0 0 1 3749.dat
1 0 -159.505 -77.9246 -20.0031 1.93825e-005 0.984538 0.17517 -9.40964e-005 0.17517 -0.984538 -1 0 9.60793e-005 2780.dat
1 0 -19.9981 -137.515 0.00610703 2.67793e-005 1.15914e-005 1 -7.34317e-005 1 -1.15894e-005 -1 -7.34314e-005 2.67802e-005 2780.dat
1 0 40.0037 -37.5266 -100.003 0 7.62287e-005 1 -0.000127068 1 -7.62287e-005 -1 -0.000127068 0 2780.dat
1 0 -80.1954 -88.2053 -49.5014 0 0 1 1 0 0 0 1 0 2780.dat
1 151 -199.795 -78.2053 -50.6184 -6.68009e-005 0 -1 0 1 0 1 0 -6.68009e-005 41239.dat
1 0 -198.997 -98.205 -50.013 1 0 -6.68009e-005 0 1 0 6.68009e-005 0 1 64781.dat
1 0 -320.295 -98.2053 -50.0014 0 -1 0 1 0 0 0 0 1 32054.dat
1 4 -319.295 -128.205 -50.0014 0 1 0 1 0 0 0 0 -1 32062.dat
1 4 -320.692 -157.897 -50.012 -1 0 0 0 0 -1 0 -1 0 32013.dat
1 8 1 -116.897 -110.636 0 0 1 -1 0 0 0 -1 0 60483.dat
1 8 -58.944 -96.897 -29.908 0 0 -1 -1 0 0 0 1 0 60483.dat
1 7 -221 -57.897 -69 -1 0 0 0 0 1 0 1 0 60485.dat
1 7 -221 -57.897 -29 -1 0 0 0 0 1 0 1 0 60485.dat
1 8 -58.944 -96.897 -69.908 0 0 -1 -1 0 0 0 1 0 60483.dat
1 7 -280 -116.897 -50 0 1 0 0 0 1 1 0 0 60485.dat
1 7 20.495 -37.901 -99.993 1 0 0 0 1 0 0 0 1 58120.dat
1 7 -80.157 -37.901 0.535 -1 0 0 0 1 0 0 0 -1 58120.dat
1 7 -171 -118.901 -30 -1 0 0 0 1 0 0 0 -1 60485.dat
1 7 -171 -118.901 -71 -1 0 0 0 1 0 0 0 -1 60485.dat
1 7 22 -159.901 -51 -0.866025 0.5 0 0.5 0.866025 0 0 0 -1 3482.dat
0
