0 Newer Project 5-1
0 Author: LEGO Digital Designer 4.2
0 ROTATION CENTER -90.9606 -176.567 -91.3697 1 "Custom" 
0 ROTATION CONFIG -1 1
1 4 104.751 -179.346 -134.126 0.999027 0.0440954 -9.77897e-005 -0.0440922 0.998922 -0.0145438 -0.000543629 0.0145339 0.999894 6536.dat
1 1 105.682 -158.244 -133.82 9.77596e-005 0.0440884 0.999028 0.0145426 0.998922 -0.0440852 -0.999894 0.0145327 -0.000543504 6558.dat
1 0 113.716 -104.544 -153.04 -0.989027 0.147731 0.00106897 0.147731 0.988923 0.0143905 0.0010688 0.0143906 -0.999896 731.dat
1 15 105.788 -157.062 -153.033 0.989025 0.147745 -0.000113132 -0.147731 0.988921 -0.0145333 -0.00203534 0.0143905 0.999894 4255.dat
1 1 65.2564 -167.253 -114.453 0.0440893 9.78796e-005 -0.999028 0.998922 0.0145427 0.0440861 0.0145329 -0.999894 0.000543375 3749.dat
1 0 85.814 -157.526 -123.81 9.77977e-005 0.270472 0.962728 0.0145431 0.962626 -0.270444 -0.999894 0.0140275 -0.00383936 2780.dat
1 151 -34.0394 -149.633 -133.708 -0.0633782 -9.75287e-005 -0.99799 -0.997884 -0.014545 0.063373 -0.014522 0.999894 0.000824602 41239.dat
1 8 5.423 -151.682 -154.832 -0.014522 0.999894 0.000824602 -0.997884 -0.014545 0.063373 0.0633782 9.75287e-005 0.99799 42003.dat
1 8 6.407 -152.963 -33.57 -0.014522 0.999894 0.000824602 -0.997884 -0.014545 0.063373 0.0633782 9.75287e-005 0.99799 42003.dat
1 8 84.419 -159.016 -75.725 -0.014522 0.999894 0.000824602 -0.997884 -0.014545 0.063373 0.0633782 9.75287e-005 0.99799 42003.dat
1 8 84.43 -158.557 -115.835 -0.014522 0.999894 0.000824602 -0.997884 -0.014545 0.063373 0.0633782 9.75287e-005 0.99799 42003.dat
1 0 -133.845 -143.275 -143.626 9.82721e-005 0.0633781 0.99799 0.0145448 0.997884 -0.0633728 -0.999894 0.0145218 -0.000823758 2780.dat
1 15 -150.657 -82.4484 -152.744 0.99799 -9.86243e-005 -0.0633782 -0.0633729 -0.0145444 -0.997884 -0.000823379 0.999894 -0.0145214 32140.dat
1 1 -150.002 -82.1345 -142.739 9.8855e-005 0.0633781 0.99799 0.0145444 0.997884 -0.0633729 -0.999894 0.0145215 -0.000823153 3749.dat
1 0 -50.213 -89.9177 -42.8314 9.95469e-005 0.0633021 0.997994 0.0145465 0.997889 -0.0632969 -0.999894 0.0145236 -0.000821486 2780.dat
1 1 -73.9601 -148.53 -43.6864 -9.71934e-005 0.0631154 -0.998006 -0.0145464 0.997901 0.0631101 0.999894 0.0145236 0.000821114 3749.dat
1 15 -74.6164 -149.135 -33.6942 0.998006 9.6787e-005 0.0631154 -0.0631101 0.0145464 0.997901 -0.000821508 -0.999894 0.0145235 32140.dat
1 1 -71.4332 -108.905 -23.1076 -9.31309e-005 0.0716166 -0.997432 -0.014548 0.997327 0.0716104 0.999894 0.0145173 0.000948998 3749.dat
1 0 -70.8466 -109.594 -13.1165 -0.997432 -9.41351e-005 0.0716195 0.0716132 -0.0145478 0.997326 0.000948027 0.999894 0.0145173 32140.dat
1 0 -67.1363 -49.0652 -22.2365 9.14415e-005 0.0716345 0.997431 0.0145448 0.997325 -0.0716283 -0.999894 0.014514 -0.00095071 2780.dat
1 0 -87.0849 -47.6329 -22.2175 9.14244e-005 0.0716347 0.997431 0.0145498 0.997325 -0.0716284 -0.999894 0.0145189 -0.000951088 2780.dat
1 151 -34.0311 -150.784 -53.7164 -0.0631165 -9.77536e-005 -0.998006 -0.997901 -0.0145447 0.0631113 -0.0145219 0.999894 0.000820525 41239.dat
1 0 -133.841 -144.743 -43.6372 9.82225e-005 0.0631166 0.998006 0.0145449 0.997901 -0.0631114 -0.999894 0.0145221 -0.000820012 2780.dat
1 15 -150.67 -84.2115 -32.7573 0.998006 -9.84694e-005 -0.0631168 -0.0631115 -0.0145449 -0.9979 -0.000819765 0.999894 -0.0145222 32140.dat
1 1 -150.014 -83.6066 -42.7495 -9.89125e-005 0.0631167 -0.998006 -0.0145449 0.9979 0.0631115 0.999894 0.0145221 0.000819321 3749.dat
1 0 -153.801 -143.481 -43.6208 9.82197e-005 0.0631166 0.998006 0.0145449 0.997901 -0.0631114 -0.999894 0.0145221 -0.00082001 2780.dat
1 0 85.8447 -158.359 -63.816 0.000101153 0.306995 0.951711 0.014542 0.95161 -0.306964 -0.999894 0.0138708 -0.00436806 2780.dat
1 1 65.2707 -167.79 -74.4564 0.0440887 0.000103974 -0.999028 0.998922 0.0145395 0.0440855 0.0145299 -0.999894 0.000537173 3749.dat
1 1 105.601 -159.367 -53.8275 -0.00010869 -0.138368 -0.990381 -0.0145364 0.990277 -0.138352 0.999894 0.0143815 -0.002119 6558.dat
1 0 113.722 -106.244 -33.0524 -0.989027 0.147731 0.00106897 0.147731 0.988923 0.0143905 0.0010688 0.0143906 -0.999896 731.dat
1 15 105.794 -159.762 -33.0454 0.989026 0.147744 -0.000113126 -0.14773 0.988921 -0.0145332 -0.00203532 0.0143904 0.999894 4255.dat
1 4 103.11 -180.325 -54.1315 0.99226 0.124175 -0.000108602 -0.124164 0.992155 -0.0145366 -0.00169734 0.0144376 0.999894 6536.dat
1 0 25.8405 -154.841 -43.7685 9.7734e-005 0.063132 0.998005 0.0145446 0.9979 -0.0631267 -0.999894 0.0145218 -0.000820703 2780.dat
1 1 -14.7436 -162.932 -34.3892 0.063116 9.73317e-005 -0.998006 0.997901 0.0145446 0.0631107 0.0145217 -0.999894 0.000820915 3749.dat
1 0 5.88031 -153.578 -43.7521 9.78531e-005 0.063132 0.998005 0.0145446 0.9979 -0.0631267 -0.999894 0.0145218 -0.000820583 2780.dat
1 71 -30.2481 -90.4561 -92.8424 -0.997995 0.0632864 0.000459259 0.0632864 0.99789 0.0144956 0.000459084 0.0144956 -0.999895 4519.dat
1 71 10.315 -91.4 -92.415 0.000459084 0.0144956 -0.999895 0.997995 -0.0632864 -0.000459259 -0.0632864 -0.99789 -0.0144956 62520.dat
1 71 -30.2481 -90.4561 -92.8424 -0.000100796 0.0632916 -0.997995 -0.0145183 0.99789 0.0632863 0.999895 0.0144956 0.000818305 3713.dat
1 0 138.923 -45.2186 -92.1624 0.000126543 -0.346405 0.938085 0.0145745 0.937986 0.346367 -0.999894 0.0136283 0.00516737 3713.dat
1 71 84.5136 -65.3081 -92.4621 -0.938094 -0.346372 -0.00242427 -0.346372 0.938 0.0135646 -0.00242444 0.0135646 -0.999905 44294.dat
1 71 5.974 -93.109 -94.152 0.0919895 -0.255875 0.962323 -0.0797668 0.961422 0.26326 -0.99256 -0.100978 0.0680304 62520.dat
1 0 101.399 -59.0734 -92.3691 0.000126422 -0.346405 0.938085 0.0145744 0.937986 0.346367 -0.999894 0.0136283 0.00516725 3713.dat
1 0 120.018 -51.0175 -142.249 -0.0028213 -0.349843 0.936804 0.0225579 0.936548 0.349815 -0.999742 0.0221193 0.00524943 3705.dat
1 71 120.161 -52.146 -92.2614 0.938084 -0.346395 0.00282641 0.346368 0.937827 -0.0225718 0.00516808 0.0221532 0.999741 32034.dat
1 0 120.083 -52.6894 -42.2658 -0.00287217 -0.354848 0.93492 0.0224942 0.934664 0.35482 -0.999743 0.0220494 0.00529752 3705.dat
1 71 120.169 -53.3642 -12.2735 -0.934926 -0.354821 -0.00404379 -0.354821 0.934675 0.0220494 -0.00404397 0.0220494 -0.999749 3713.dat
1 71 119.933 -50.3408 -172.241 0.936805 -0.349841 0.00281697 0.349813 0.936548 -0.0225444 0.00524872 0.0221051 0.999742 3713.dat
1 1 46.9943 -78.7262 -122.666 -0.000133558 -0.346407 -0.938084 -0.0145544 0.937986 -0.346369 0.999894 0.013607 -0.00516704 3749.dat
1 4 122.088 -50.989 -132.253 -0.358091 0.000131564 -0.933686 0.933588 0.0145536 -0.358052 0.0135414 -0.999894 -0.00533437 32526.dat
1 1 40.4737 -60.347 -122.399 -0.000105818 0.933734 -0.357967 -0.0146181 0.357927 0.933635 0.999893 0.00533158 0.0136115 3749.dat
1 0 39.8247 -60.4976 -92.398 0.933734 -0.357967 -0.000106029 0.357927 0.933635 -0.0146185 0.00533193 0.0136119 0.999893 32034.dat
1 1 39.8166 -60.9226 -62.4008 0.000106089 -0.357967 0.933734 0.0146185 0.933635 0.357927 -0.999893 0.0136118 0.00533199 3749.dat
1 4 122.075 -52.1464 -52.261 -0.358098 0.000134241 -0.933684 0.933586 0.0145413 -0.358059 0.013529 -0.999894 -0.00533265 32526.dat
1 71 84.0471 -65.6819 -52.463 0.000134523 -0.913575 0.406669 0.0145418 0.406628 0.913478 -0.999894 0.00579083 0.0133397 4519.dat
1 71 84.0491 -65.4637 -67.4614 0.406669 -0.913575 -0.000134372 0.913478 0.406628 -0.0145414 0.0133393 0.00579081 0.999894 32123a.dat
1 71 60.591 -76.89 -91.924 -0.24931 -0.110837 -0.96206 0.8789 0.391274 -0.272838 0.406669 -0.913575 -0.000134372 32123a.dat
1 71 84.0444 -65.9727 -32.4651 0.406669 -0.913575 -0.000134372 0.913478 0.406628 -0.0145414 0.0133393 0.00579081 0.999894 32270.dat
1 71 46.9802 -79.45 -72.6705 0.933684 -0.358098 -0.00013157 0.358059 0.933586 -0.0145378 0.00532879 0.0135266 0.999894 3713.dat
1 71 46.6898 -80.3866 -52.6821 0.000134363 -0.933684 -0.358098 0.0145419 -0.358059 0.933586 -0.999894 -0.0053329 0.0135294 4519.dat
1 0 46.975 -80.0316 -32.6747 0.933749 -0.357929 -0.00013197 0.35789 0.933651 -0.0145407 0.00532776 0.0135301 0.999894 32269.dat
1 71 33.0622 -39.9437 -222.113 0.000153373 0.407518 0.913197 0.0144795 0.913101 -0.407477 -0.999895 0.0132851 -0.00576061 4519.dat
1 0 33.0576 -40.3782 -192.117 0.913197 0.407518 -0.000154375 -0.407477 0.913101 -0.0144823 -0.00576082 0.0132881 0.999895 6538b.dat
1 71 32.6423 -42.0159 -142.135 0.000154366 -0.407518 -0.913197 0.0144912 -0.913101 0.407477 -0.999895 -0.0132962 0.00576442 32073.dat
1 71 32.6385 -42.3782 -117.138 -0.913197 -0.407518 -0.000154775 0.407477 -0.913101 -0.014491 0.00576401 -0.0132962 0.999895 32123a.dat
1 0 32.6346 -42.7404 -92.1404 -0.913197 -0.407518 -0.000154775 0.407477 -0.913101 -0.014491 0.00576401 -0.0132962 0.999895 6538b.dat
1 71 32.627 -43.4649 -42.1457 0.000154366 -0.407518 -0.913197 0.0144912 -0.913101 0.407477 -0.999895 -0.0132962 0.00576442 32073.dat
1 71 32.6308 -43.1027 -67.143 -0.913197 -0.407518 -0.000154775 0.407477 -0.913101 -0.014491 0.00576401 -0.0132962 0.999895 32123a.dat
1 71 32.6254 -43.6098 -32.1467 -0.913197 -0.407518 -0.000154775 0.407477 -0.913101 -0.014491 0.00576401 -0.0132962 0.999895 32270.dat
1 0 33.0267 -43.2762 7.8624 0.913197 0.407518 -0.000154374 -0.407477 0.913101 -0.0144822 -0.00576081 0.0132881 0.999895 6538b.dat
1 71 33.0221 -43.7106 37.8593 0.00015338 0.407518 0.913197 0.0144795 0.913101 -0.407477 -0.999895 0.0132852 -0.00576062 4519.dat
1 71 32.825 -46.658 57.787 -0.999895 0.0132852 -0.00576062 -0.0140258 -0.987461 0.15724 -0.00359942 0.157304 0.987543 32020.dat
1 0 32.825 -46.658 57.787 -0.999895 0.0132852 -0.00576062 -0.0140258 -0.987461 0.15724 -0.00359942 0.157304 0.987543 32019.dat
1 71 30.928 -39.842 -234.107 -0.698111 0.712631 0.0692628 0.715954 0.693843 0.0774096 0.00710692 0.10363 -0.99459 32020.dat
1 0 30.928 -39.842 -234.107 -0.698111 0.712631 0.0692628 0.715954 0.693843 0.0774096 0.00710692 0.10363 -0.99459 32019.dat
1 0 -50.2035 -88.4719 -142.821 9.78198e-005 0.0632984 0.997995 0.0145457 0.997889 -0.0632931 -0.999894 0.0145227 -0.000823108 2780.dat
1 1 -73.9659 -147.077 -143.676 9.70499e-005 0.0633782 0.99799 0.0145471 0.997884 -0.0633729 -0.999894 0.014524 -0.000825123 3749.dat
1 15 -74.6204 -147.391 -153.682 0.99799 9.68752e-005 0.0633782 -0.0633729 0.014547 0.997884 -0.000825286 -0.999894 0.0145239 32140.dat
1 1 -71.4248 -106.871 -163.093 9.53634e-005 0.0716676 0.997429 0.0145471 0.997323 -0.0716614 -0.999894 0.0145166 -0.00094745 3749.dat
1 0 -70.8362 -107.269 -173.1 -0.997428 -9.51419e-005 0.0716706 0.0716644 -0.0145471 0.997323 0.000947711 0.999894 0.0145165 32140.dat
1 0 -67.1246 -47.032 -162.222 9.16414e-005 0.0716497 0.99743 0.0145453 0.997324 -0.0716435 -0.999894 0.0145144 -0.000950767 2780.dat
1 0 -87.0732 -45.599 -162.203 9.26859e-005 0.0716497 0.99743 0.0145501 0.997324 -0.0716434 -0.999894 0.0145194 -0.000950073 2780.dat
1 0 -153.805 -142.008 -143.61 9.80395e-005 0.0633781 0.99799 0.014545 0.997884 -0.0633728 -0.999894 0.0145219 -0.000824 2780.dat
1 0 5.87325 -152.147 -143.742 9.77074e-005 0.0634093 0.997988 0.0145449 0.997882 -0.0634041 -0.999894 0.0145219 -0.000824785 2780.dat
1 1 -14.751 -161.205 -154.377 0.0633776 9.74489e-005 -0.99799 0.997884 0.0145451 0.0633723 0.014522 -0.999894 0.000824599 3749.dat
1 0 25.833 -153.415 -143.758 9.76341e-005 0.0633158 0.997994 0.0145449 0.997888 -0.0633105 -0.999894 0.0145219 -0.000823497 2780.dat
1 7 85.216 -64.608 -75.24 -0.999894 0.0145219 -0.000823497 0.0145449 0.997888 -0.0633105 -9.76341e-005 -0.0633158 -0.997994 6589.dat
1 7 68.219 -71.443 -92.274 -0.00367019 -0.197114 0.980374 0.0140746 0.980273 0.197147 -0.999894 0.0145219 -0.000823497 6589.dat
1 4 46.351 -79.726 -93.404 -0.999894 0.0145219 -0.000823497 -0.0145449 -0.997888 0.0633105 9.76341e-005 0.0633158 0.997994 32013.dat
1 7 -39.761 -90.796 -90.985 -9.76341e-005 -0.0633158 -0.997994 -0.0145449 -0.997888 0.0633105 -0.999894 0.0145219 -0.000823497 58121.dat
0
