0 Improved Project 6-1
0 Author: LEGO Digital Designer 4.2
0 ROTATION CENTER 0 0 0 1 "Custom" 
0 ROTATION CONFIG 0 0
1 71 70 -49.5107 -120.001 1 0 0 0 1 0 0 0 1 4519.dat
1 14 90 -50.0104 -120.002 0 0 -1 0 1 0 1 0 0 32072.dat
1 4 70.0002 -49.5117 -120.001 1 0 0 0 1 0 0 0 1 32034.dat
0 MLCAD HIDE 1 71 146.999 -35.513 -160.001 0 0 1 0 1 0 -1 0 0 4519.dat
1 19 71 -50 -163.001 0 0 1 0 1 0 -1 0 0 6587.dat
1 4 69.3741 -50.0042 -180.001 1 1.72804e-005 4.75968e-005 4.75964e-005 2.1415e-005 -1 -1.72814e-005 1 2.14142e-005 32140.dat
1 71 69.9995 -49.5038 -160.001 1 0 0 0 1 0 0 0 1 3713.dat
1 19 70 -50 -79.001 0 0 1 0 -1 0 1 0 0 6587.dat
1 4 69.3762 -50.0104 -60.0013 1 1.72804e-005 4.75968e-005 4.75964e-005 2.1415e-005 -1 -1.72814e-005 1 2.14142e-005 32140.dat
1 71 70.0009 -49.5108 -80.0014 -1 -4.77532e-005 0 -4.77532e-005 1 -2.13849e-005 0 -2.13849e-005 -1 3713.dat
1 71 69.5021 -90.0117 -120.001 -4.76082e-005 -1 1.74372e-005 1 -4.76078e-005 2.10281e-005 -2.10272e-005 1.74382e-005 1 32034.dat
1 71 70.0014 -89.5038 -160.001 -1.6851e-005 -4.77536e-005 1 -2.13857e-005 1 4.77533e-005 -1 -2.13849e-005 -1.6852e-005 4519.dat
1 0 70.0015 -90.0037 -155.001 -1 -4.79104e-005 -4.77857e-005 -4.77868e-005 2.13765e-005 1 -4.79094e-005 1 -2.12761e-005 41677.dat
1 0 70.0013 -90.0039 -165.001 -1 -4.79104e-005 -4.77857e-005 -4.77868e-005 2.13765e-005 1 -4.79094e-005 1 -2.12761e-005 41677.dat
1 71 70.0028 -89.5108 -80.0005 -1.6851e-005 -4.77536e-005 1 -2.13857e-005 1 4.77533e-005 -1 -2.13849e-005 -1.6852e-005 4519.dat
1 0 70.0027 -90.011 -85.0005 -1 -4.79104e-005 -4.77857e-005 -4.77868e-005 2.13765e-005 1 -4.79094e-005 1 -2.12761e-005 41677.dat
1 0 70.0029 -90.0108 -75.0005 -1 -4.79104e-005 -4.77857e-005 -4.77868e-005 2.13765e-005 1 -4.79094e-005 1 -2.12761e-005 41677.dat
1 19 70 -68 -162.001 0 0 1 0 1 0 -1 0 0 6587.dat
1 71 69.5011 -70.0029 -120.001 -4.76082e-005 -1 1.74372e-005 1 -4.76078e-005 2.10281e-005 -2.10272e-005 1.74382e-005 1 32034.dat
1 71 70.0013 -69.5027 -80.0009 0 0 1 0 1 0 -1 0 0 4519.dat
1 19 70 -68 -78.001 0 0 -1 0 1 0 1 0 0 6587.dat
1 0 90.0042 -109.509 -50.0005 -1.74452e-005 -8.35122e-005 1 -2.69069e-005 1 8.35117e-005 -1 -2.69054e-005 -1.74475e-005 2780.dat
1 4 30.0016 -109.385 -200 0.000118718 1.73023e-005 -1 -1 2.16773e-005 -0.000118681 2.16384e-005 1 1.73416e-005 32525.dat
1 71 10.0021 -109.512 -169.999 -1.70857e-005 -0.000118732 1 -2.16851e-005 1 0.000118732 -1 -2.16831e-005 -1.70883e-005 32073.dat
1 71 10.0014 -109.513 -214.999 1 0 0 0 1 0 0 0 1 32123a.dat
1 0 10.003 -109.511 -119.999 1 0 0 0 1 0 0 0 1 6538b.dat
1 71 10.0039 -109.51 -69.9992 -1.70857e-005 -0.000118732 1 -2.16851e-005 1 0.000118732 -1 -2.16831e-005 -1.70883e-005 32073.dat
1 71 10.0047 -109.509 -24.9992 1 0 0 0 1 0 0 0 1 32123a.dat
1 71 -10.6209 -110.012 -59.9988 1.73295e-005 1 -0.000118675 2.17273e-005 0.000118709 1 1 -1.72983e-005 -2.16915e-005 32184.dat
1 71 -29.9961 -109.523 -69.9986 -1.70857e-005 -0.000118732 1 -2.16851e-005 1 0.000118732 -1 -2.16831e-005 -1.70883e-005 32073.dat
1 71 -29.9953 -109.523 -24.9986 1 0 0 0 1 0 0 0 1 32123a.dat
1 0 -29.997 -109.516 -119.999 1 0 0 0 1 0 0 0 1 6538b.dat
1 71 -29.9979 -109.517 -169.999 -1.70857e-005 -0.000118732 1 -2.16851e-005 1 0.000118732 -1 -2.16831e-005 -1.70883e-005 32073.dat
1 71 -29.9986 -109.518 -214.999 1 0 0 0 1 0 0 0 1 32123a.dat
1 71 -10.623 -110.015 -179.999 1.73295e-005 1 -0.000118675 2.17273e-005 0.000118709 1 1 -1.72983e-005 -2.16915e-005 32184.dat
1 71 10.0034 -109.51 -94.9992 1 0 0 0 1 0 0 0 1 32123a.dat
1 71 10.0026 -109.512 -144.999 1 0 0 0 1 0 0 0 1 32123a.dat
1 71 -29.9965 -109.524 -94.9986 1 0 0 0 1 0 0 0 1 32123a.dat
1 71 -29.9974 -109.516 -144.999 1 0 0 0 1 0 0 0 1 32123a.dat
1 4 30.0044 -109.391 -39.9996 0.000118718 1.73023e-005 -1 -1 2.16773e-005 -0.000118681 2.16384e-005 1 1.73416e-005 32525.dat
1 8 108 -109 -70.001 0 0 -1 0 1 0 1 0 0 87083.dat
1 71 109.503 -109.999 -120.001 -0.000118776 -1 1.73845e-005 1 -0.000118776 2.13275e-005 -2.13255e-005 1.7387e-005 1 32034.dat
1 71 110.004 -109.507 -80.001 -1 -0.000118732 0 -0.000118732 1 -2.16831e-005 0 -2.16831e-005 -1 3713.dat
1 8 110 -108 -170.001 0 0 1 0 1 0 -1 0 0 87083.dat
1 0 110 -109 -179.001 0 0 1 -1 0 0 0 -1 0 60483.dat
1 0 109 -109 -61.001 0 0 1 -1 0 0 0 -1 0 60483.dat
1 7 58 -48 -120 0 0 -1 0 1 0 1 0 0 58121.dat
1 71 110.002 -109.5 -160.001 1 0 0 0 1 0 0 0 1 3713.dat
1 0 50.0044 -109.513 -50.0001 -1.38691e-005 -9.53596e-005 1 -1.23598e-005 1 9.53594e-005 -1 -1.23585e-005 -1.38703e-005 2780.dat
1 1 50.0001 -49.5119 -69.9997 0 -7.39892e-005 -1 0 1 -7.39892e-005 1 0 0 3749.dat
1 4 50.6251 -50.0119 -59.9997 -1 -7.4007e-005 7.413e-005 -7.41306e-005 0 -1 7.40064e-005 -1 0 32140.dat
1 0 30.0044 -109.515 -49.9998 -1.78013e-005 -9.49883e-005 1 -4.00014e-005 1 9.49876e-005 -1 -3.99997e-005 -1.78051e-005 2780.dat
1 71 110.354 -89.9991 -120.355 0.707119 0.707095 -0.000118563 9.90047e-005 6.87508e-005 1 0.707095 -0.707119 -2.13665e-005 3713.dat
1 8 110.307 -98.9886 -119.796 -0.000118614 -0.707095 0.707119 1 -6.87392e-005 9.90266e-005 -2.13787e-005 0.707119 0.707095 87083.dat
1 72 110.359 -129.999 -120.354 -0.707119 0.707094 0.000119056 -9.95548e-005 6.8918e-005 -1 -0.707094 -0.707119 2.1836e-005 3648.dat
1 14 109.998 -69.9991 -120.002 -0.707095 -0.707119 9.94319e-005 -4.13587e-005 -9.91518e-005 -1 0.707119 -0.707095 4.10458e-005 32072.dat
1 0 130.004 -109.504 -50.0013 -1.70857e-005 -0.000118732 1 -2.16851e-005 1 0.000118732 -1 -2.16831e-005 -1.70883e-005 2780.dat
1 0 70.0018 -109.505 -190 -1.66104e-005 -8.33967e-005 1 -3.40372e-005 1 8.33962e-005 -1 -3.40358e-005 -1.66132e-005 2780.dat
1 0 90.0018 -109.503 -190.001 -1.64921e-005 -8.32086e-005 1 -1.67984e-005 1 8.32083e-005 -1 -1.6797e-005 -1.64935e-005 2780.dat
1 0 70.0042 -109.511 -50.0002 -1.74461e-005 -8.29064e-005 1 0 1 8.29062e-005 -1 0 -1.74469e-005 2780.dat
1 0 130.002 -109.498 -190.001 -1.70857e-005 -0.000118732 1 -2.16851e-005 1 0.000118732 -1 -2.16831e-005 -1.70883e-005 2780.dat
1 0 -49.9976 -109.517 -189.998 -3.01949e-005 -9.34573e-005 1 -9.42399e-005 1 9.34544e-005 -1 -9.42371e-005 -3.02037e-005 2780.dat
1 1 -50.0007 -49.5131 -169.999 -1.48237e-005 -6.77465e-005 1 -1.99596e-005 1 6.77462e-005 -1 -1.99586e-005 -1.48251e-005 3749.dat
1 4 -49.3759 -50.0133 -179.999 -1 -1.51114e-005 1.49881e-005 -1.49878e-005 -2.0096e-005 -1 1.51117e-005 -1 2.0365e-005 32140.dat
1 0 -69.9976 -109.518 -189.998 -3.01937e-005 -9.34596e-005 1 -0.000106275 1 9.34564e-005 -1 -0.000106273 -3.02036e-005 2780.dat
1 0 50.0011 -109.513 -190 0 -7.17756e-005 1 0.000101918 1 7.17755e-005 -1 0.000101917 0 2780.dat
1 1 49.9998 -49.5172 -170 -1.01765e-005 -1.82294e-005 1 0 1 1.82295e-005 -1 0 -1.01763e-005 3749.dat
1 4 50.6247 -50.0171 -180 -1 -1.8116e-005 1.82395e-005 -1.82397e-005 0 -1 1.81159e-005 -1 0 32140.dat
1 0 30.0011 -109.514 -190 0 -7.18971e-005 1 7.80539e-005 1 7.1897e-005 -1 7.80538e-005 0 2780.dat
1 0 -69.9959 -109.529 -49.9978 -1.45846e-005 -8.61262e-005 1 -1.66739e-005 1 8.6126e-005 -1 -1.66727e-005 -1.4586e-005 2780.dat
1 1 -49.9994 -49.5285 -69.9994 1.41424e-005 -5.22166e-005 -1 2.20438e-005 1 -5.22163e-005 1 -2.2043e-005 1.41436e-005 3749.dat
1 4 -49.3743 -50.0283 -59.9994 -1 -1.43471e-005 1.42238e-005 -1.42235e-005 -2.22876e-005 -1 1.43474e-005 -1 2.25566e-005 32140.dat
1 0 -49.9959 -109.527 -49.9981 -1.18441e-005 -8.67335e-005 1 1.34866e-005 1 8.67336e-005 -1 1.34876e-005 -1.18429e-005 2780.dat
1 71 70.2094 -110.003 -120.456 0.910906 0.412614 -4.74705e-005 5.21198e-005 0 1 0.412614 -0.910906 -2.14192e-005 3713.dat
1 8 69.195 -100.008 -119.252 0 -0.352345 0.93587 1 0 -2.38527e-005 1.7408e-005 0.93587 0.352345 87083.dat
1 72 69.7977 -130.003 -119.544 0.910906 -0.412614 4.83708e-005 5.26476e-005 0 -1 0.412614 0.910906 2.08605e-005 3647.dat
1 72 -13 -109.297 -120.885 0.00942388 -0.00822952 -0.999922 -0.0312305 0.999476 -0.00851504 0.999468 0.0313083 0.00916151 50163.dat
0
