0 Project 7-5a
0 Author: LEGO Digital Designer 4.3
0 ROTATION CENTER -81.2755 -9.92252 -127.914 1 "Custom" 
0 ROTATION CONFIG -1 0
1 0 -79.9917 -179.48 100.009 -1.78058e-005 -1.53414e-005 1 0 1 1.53414e-005 -1 0 -1.78058e-005 2780.dat
1 151 -19.9915 -179.355 110.007 1.54144e-005 1.80033e-005 -1 -1 0 -1.53192e-005 0 1 1.80986e-005 32524.dat
1 1 -219.994 -19.3577 110.012 1.53112e-005 1.80033e-005 -1 -1 0 -1.53192e-005 0 1 1.79954e-005 32009.dat
1 71 -219.993 -99.4825 90.0114 -1.78058e-005 -1.53414e-005 1 0 1 1.53414e-005 -1 0 -1.78058e-005 4519.dat
1 15 -219.992 -180.608 90.0111 -1.54056e-005 -1.81478e-005 -1 1 0 -1.54046e-005 0 -1 1.81468e-005 32009.dat
1 1 -59.9917 -179.48 100.008 -1.78058e-005 -1.53414e-005 1 0 1 1.53414e-005 -1 0 -1.78058e-005 3749.dat
1 1 20.0082 -180.604 90.0068 -1.55398e-005 1.80033e-005 1 1 0 1.56288e-005 0 1 -1.79143e-005 32140.dat
1 1 20.0083 -179.479 100.007 -1.78058e-005 -1.53414e-005 1 0 1 1.53414e-005 -1 0 -1.78058e-005 3749.dat
1 0 -119.994 -19.481 100.01 -1.78058e-005 -1.53414e-005 1 0 1 1.53414e-005 -1 0 -1.78058e-005 3705.dat
1 71 -119.994 -19.4812 130.01 -1 -1.53413e-005 0 -1.53413e-005 1 0 0 0 -1 3713.dat
1 4 -119.994 -59.4809 80.0098 -1.78058e-005 -1.53414e-005 1 0 1 1.53414e-005 -1 0 -1.78058e-005 32062.dat
1 15 -120.619 -59.981 90.0098 1 -1.80258e-005 -1.51585e-005 1.51585e-005 0 1 -1.80258e-005 -1 0 32140.dat
1 1 -160.494 -39.9816 70.0105 -1.51832e-005 -1 1.80775e-005 1 -1.51832e-005 0 0 1.80775e-005 1 6558.dat
1 1 -199.994 -39.9822 70.6363 -1.81635e-005 -1.5393e-005 1 0 1 1.5393e-005 -1 0 -1.81635e-005 32526.dat
1 1 -120.495 -59.9808 30.0097 -1.51832e-005 -1 1.80775e-005 1 -1.51832e-005 0 0 1.80775e-005 1 6558.dat
1 0 -119.996 -10.0131 -9.49003 1.50054e-005 1.79583e-005 -1 -1 0 -1.49644e-005 0 1 1.79993e-005 2780.dat
1 1 -199.997 0.018286 -50.6135 1.80047e-005 0 1 0 -1 0 1 0 -1.79044e-005 32526.dat
1 0 -139.997 -9.98078 -49.4897 1.50054e-005 1.79583e-005 -1 -1 0 -1.49644e-005 0 1 1.79993e-005 2780.dat
1 0 -119.997 -19.4802 -79.9899 -1.78058e-005 -1.53414e-005 1 0 1 1.53414e-005 -1 0 -1.78058e-005 3705.dat
1 71 -119.998 -19.4803 -109.99 1 0 0 0 1 0 0 0 1 3713.dat
1 4 -119.997 -59.4804 -59.9901 -1.78058e-005 -1.53414e-005 1 0 1 1.53414e-005 -1 0 -1.78058e-005 32062.dat
1 15 -120.622 -59.9804 -69.9901 1 -1.78947e-005 -1.51585e-005 1.51585e-005 0 1 -1.78947e-005 -1 0 32140.dat
1 0 -99.9978 0.519978 -79.9902 -1.78058e-005 -1.53414e-005 1 0 1 1.53414e-005 -1 0 -1.78058e-005 2780.dat
1 1 -19.998 0.64621 -89.9917 1.54144e-005 1.80033e-005 -1 -1 0 -1.53192e-005 0 1 1.80986e-005 32525.dat
1 1 0.00225837 -0.478645 -79.9921 1.85105e-005 0 1 0 -1 0 1 0 -1.82416e-005 3749.dat
1 71 -20.6226 0.0211178 -69.9917 1.80986e-005 1 -1.53192e-005 0 1.54144e-005 1 1 -1.80033e-005 0 32184.dat
1 1 -39.9978 -0.479259 -79.9913 1.85105e-005 0 1 0 -1 0 1 0 -1.82416e-005 3749.dat
1 1 -79.9981 0.520367 -99.9906 -1.78058e-005 -1.53414e-005 1 0 1 1.53414e-005 -1 0 -1.78058e-005 43093.dat
1 71 -79.9995 36.7843 -145.76 -2.11717e-005 -1.08147e-005 -1 0.923881 -0.382679 -1.54557e-005 -0.382679 -0.923881 1.81445e-005 4519.dat
1 71 -79.9999 55.9152 -153.143 1 0 2.08865e-005 2.08865e-005 0.382679 -0.923882 0 0.923882 0.382679 32039.dat
1 0 -110 74.3924 -160.796 1 -1.80968e-005 0 1.84588e-005 0.923882 0.382678 0 -0.382678 0.923882 3706.dat
1 71 -50.0003 74.3935 -160.796 0 0 -1 0.382678 0.923882 0 0.923882 -0.382678 0 6538b.dat
1 71 -20.0003 74.393 -160.796 1 -2.2969e-005 1.99489e-005 1.35866e-005 0.923882 0.382678 -2.72201e-005 -0.382678 0.923882 4519.dat
1 71 9.99967 74.3934 -160.796 0 0 -1 0.382678 0.923882 0 0.923882 -0.382678 0 6538b.dat
1 0 69.9996 74.3921 -160.796 1 -1.80968e-005 0 1.84588e-005 0.923882 0.382678 0 -0.382678 0.923882 3706.dat
1 71 40.0001 55.9171 -153.145 1 0 2.08865e-005 2.08865e-005 0.382679 -0.923882 0 0.923882 0.382679 32039.dat
1 71 40.0005 36.7862 -145.762 -2.11717e-005 -1.08147e-005 -1 0.923881 -0.382679 -1.54557e-005 -0.382679 -0.923881 1.81445e-005 4519.dat
1 1 40.0019 0.522208 -99.9928 -1.78058e-005 -1.53414e-005 1 0 1 1.53414e-005 -1 0 -1.78058e-005 3749.dat
1 71 59.9996 74.3916 -160.796 0 1.25393e-005 -1 0.382677 0.923882 1.00941e-005 0.923882 -0.382677 0 3713.dat
1 71 -20.0003 74.393 -160.796 2.06073e-005 -2.29588e-005 -1 0.382677 0.923882 -1.33137e-005 0.923882 -0.382677 2.78223e-005 3713.dat
1 71 -100 74.3926 -160.796 0 -1.81062e-005 1 -0.382677 0.923882 1.81965e-005 -0.923882 -0.382677 0 3713.dat
1 0 -19.9977 10.0211 -69.4916 -1.49878e-005 1.81012e-005 1 1 0 1.5004e-005 0 1 -1.80849e-005 2780.dat
1 320 -19.3714 20.0211 10.0083 -1 -1.52719e-005 0 -1.52719e-005 1 0 0 0 -1 40490.dat
1 0 -19.9948 10.0205 90.5083 -1.49878e-005 1.81012e-005 1 1 0 1.5004e-005 0 1 -1.80849e-005 2780.dat
1 1 -19.9943 0.645427 110.008 1.54144e-005 1.80033e-005 -1 -1 0 -1.53192e-005 0 1 1.80986e-005 32525.dat
1 1 0.00555312 0.520811 100.008 -1.78058e-005 -1.53414e-005 1 0 1 1.53414e-005 -1 0 -1.78058e-005 3749.dat
1 71 -20.6196 0.020493 90.0082 1.80986e-005 1 -1.53192e-005 0 1.54144e-005 1 1 -1.80033e-005 0 32184.dat
1 1 -39.9945 0.520197 100.009 -1.78058e-005 -1.53414e-005 1 0 1 1.53414e-005 -1 0 -1.78058e-005 3749.dat
1 1 -79.9941 0.519347 120.009 1.77185e-005 -1.53411e-005 -1 0 1 -1.53411e-005 1 0 1.77185e-005 43093.dat
1 71 -79.9937 37.1659 164.855 0 -2.40941e-005 1 -0.923879 0.382685 1.33809e-005 -0.382685 -0.923879 -2.05738e-005 4519.dat
1 71 -79.9937 55.9141 173.162 1 0 0 0 -0.382686 -0.923878 0 0.923878 -0.382686 32039.dat
1 0 -109.994 74.3909 180.815 1 -1.17572e-005 0 1.07164e-005 0.923879 -0.382685 0 0.382685 0.923879 3706.dat
1 71 -49.9936 74.3916 180.816 0 0 -1 -0.382685 0.923879 0 0.923879 0.382685 0 6538b.dat
1 71 -19.9936 74.3911 180.816 1 0 1.91952e-005 1.46104e-005 0.923879 -0.382685 -1.47249e-005 0.382685 0.923879 4519.dat
1 71 -19.9936 74.3912 180.816 0 -1.17602e-005 1 0.382685 0.923879 1.09625e-005 -0.923879 0.382685 0 3713.dat
1 71 10.0064 74.3916 180.816 0 0 -1 -0.382685 0.923879 0 0.923879 0.382685 0 6538b.dat
1 1 40.0059 0.521188 120.007 1.77185e-005 -1.53411e-005 -1 0 1 -1.53411e-005 1 0 1.77185e-005 43093.dat
1 71 40.0064 37.1677 164.853 0 -2.41604e-005 1 -0.923879 0.382685 1.33714e-005 -0.382685 -0.923879 -2.05738e-005 4519.dat
1 71 40.0064 55.9159 173.16 1 0 0 0 -0.382686 -0.923878 0 0.923878 -0.382686 32039.dat
1 0 70.0064 74.3909 180.815 1 -1.17572e-005 0 1.07164e-005 0.923879 -0.382686 0 0.382686 0.923879 3706.dat
1 71 -99.9937 74.391 180.815 0 -1.17602e-005 1 0.382685 0.923879 1.09625e-005 -0.923879 0.382685 0 3713.dat
1 71 60.0064 74.3908 180.815 0 -1.17751e-005 1 0.382685 0.923879 1.09774e-005 -0.923879 0.382685 0 3713.dat
1 0 -99.9945 0.519276 100.01 -1.78058e-005 -1.53414e-005 1 0 1 1.53414e-005 -1 0 -1.78058e-005 2780.dat
1 0 -119.994 0.518972 100.01 -1.78058e-005 -1.53414e-005 1 0 1 1.53414e-005 -1 0 -1.78058e-005 2780.dat
1 0 80.0056 0.522038 100.006 -1.78058e-005 -1.53414e-005 1 0 1 1.53414e-005 -1 0 -1.78058e-005 2780.dat
1 15 80.6313 -59.978 90.0061 -1 1.79975e-005 1.81211e-005 1.81211e-005 0 1 1.79975e-005 1 0 32140.dat
1 0 80.0062 -39.478 100.006 -1.78058e-005 -1.53414e-005 1 0 1 1.53414e-005 -1 0 -1.78058e-005 2780.dat
1 1 80.6323 -99.9781 110.006 -1 -1.80698e-005 1.79461e-005 -1.79461e-005 0 -1 1.80698e-005 -1 0 40490.dat
1 0 80.0083 -179.478 100.006 -1.78058e-005 -1.53414e-005 1 0 1 1.53414e-005 -1 0 -1.78058e-005 2780.dat
1 0 80.008 -159.478 100.006 -1.78058e-005 -1.53414e-005 1 0 1 1.53414e-005 -1 0 -1.78058e-005 2780.dat
1 0 80.0059 -19.478 100.006 -1.78058e-005 -1.53414e-005 1 0 1 1.53414e-005 -1 0 -1.78058e-005 2780.dat
1 1 80.499 -140.011 10.0048 0 1 0 -1 0 0 0 0 1 32034.dat
1 0 79.9989 -139.511 -59.9952 0 0 1 0 1 0 -1 0 0 3706.dat
1 71 79.9988 -139.511 -109.995 1 0 0 0 1 0 0 0 1 3713.dat
1 71 79.9992 -139.511 -69.9951 -1 1.53412e-005 0 1.53412e-005 1 0 0 0 -1 3713.dat
1 0 79.9989 -139.511 80.0048 0 0 1 0 1 0 -1 0 0 3706.dat
1 71 79.9988 -139.511 90.0048 1 0 0 0 1 0 0 0 1 3713.dat
1 71 79.9991 -139.511 130.005 -1 1.53412e-005 0 1.53412e-005 1 0 0 0 -1 3713.dat
1 14 79.9963 -120.011 10.0057 0.707108 -0.707106 4.2108e-005 -3.23017e-005 2.73355e-005 1 -0.707106 -0.707108 0 32072.dat
1 72 79.6456 -170.011 9.65173 -0.707105 -0.707108 0 0 -1.31227e-005 -1 0.707108 -0.707105 1.13181e-005 6538b.dat
1 1 79.6451 -190.011 9.65192 2.41232e-005 -0.707107 -0.707107 1 1.01046e-005 2.4003e-005 0 -0.707107 0.707107 3749.dat
1 0 80.6257 -200.011 10.0063 -1 0 0 0 -1 0 0 0 1 32316.dat
1 0 80.0007 -210.011 49.5063 0 0 -1 1 0 0 0 -1 0 2780.dat
1 0 80.6257 -220.011 170.006 -1 0 0 0 -1 0 0 0 1 32278.dat
1 0 80.0007 -210.011 29.5063 0 0 -1 1 0 0 0 -1 0 2780.dat
1 0 80.0008 -210.011 -30.4937 0 0 -1 1 0 0 0 -1 0 2780.dat
1 0 80.6257 -220.011 -149.994 -1 0 0 0 -1 0 0 0 1 32278.dat
1 0 80.0008 -210.011 -10.4937 0 0 -1 1 0 0 0 -1 0 2780.dat
1 1 80.6209 -100.011 10.0056 -1 0 0 0 1 0 0 0 -1 32316.dat
1 0 79.9946 -90.0105 -29.4942 1.66238e-005 1.50236e-005 1 1 0 -1.65673e-005 0 1 -1.49671e-005 2780.dat
1 15 139.996 -40.0108 -30.6194 1.48575e-005 1.62466e-005 -1 0 1 1.62466e-005 1 0 1.48575e-005 32140.dat
1 0 139.995 -72.0108 -30.4946 0 0 1 -1 0 0 0 -1 0 3705.dat
1 15 139.995 -80.0105 -30.6192 0 0 -1 0 1 0 1 0 0 32140.dat
1 72 119.369 -100.011 -29.9945 -1.56601e-005 1 1.53573e-005 -1 -1.56601e-005 0 0 -1.53573e-005 1 32184.dat
1 1 99.9946 -90.0105 -30.4942 -1.52056e-005 -1.54445e-005 1 -1 0 -1.5238e-005 0 -1 -1.5412e-005 3749.dat
1 1 219.995 -60.0121 -30.6207 1.48575e-005 1.61769e-005 -1 0 1 1.61769e-005 1 0 1.48575e-005 41239.dat
1 0 79.9955 -69.9776 -9.4937 1.66238e-005 1.50236e-005 1 1 0 -1.65673e-005 0 1 -1.49671e-005 2780.dat
1 0 119.995 -70.0105 -29.4942 1.66238e-005 1.50236e-005 1 1 0 -1.65673e-005 0 1 -1.49671e-005 2780.dat
1 1 239.996 -50.0125 -29.4959 1.66238e-005 1.50236e-005 1 1 0 -1.65673e-005 0 1 -1.49671e-005 3749.dat
1 1 80.4953 -20.01 -9.99351 0 1 1.57664e-005 -1 0 0 0 -1.57664e-005 1 6558.dat
1 1 89.4953 -0.00994124 10.0063 -1.41448e-005 -1 -4.70856e-005 0 -4.70781e-005 1 -1 1.41523e-005 0 3894.dat
1 1 97.4954 -0.00936588 10.0062 -1.41448e-005 -1 -4.70856e-005 0 -4.70781e-005 1 -1 1.41523e-005 0 3023.dat
1 1 105.495 -0.0089902 10.0061 -1.41448e-005 -1 -4.70856e-005 0 -4.70781e-005 1 -1 1.41523e-005 0 3023.dat
1 15 129.495 -0.00776193 10.0057 1.42651e-005 -1 4.70544e-005 0 -4.69555e-005 -1 1 1.41663e-005 0 32000.dat
1 1 137.495 -0.00748471 10.0056 -1.41448e-005 -1 -4.70856e-005 0 -4.70781e-005 1 -1 1.41523e-005 0 3023.dat
1 1 145.495 -0.00710932 10.0055 -1.41448e-005 -1 -4.70856e-005 0 -4.70781e-005 1 -1 1.41523e-005 0 3023.dat
1 15 169.495 -0.00588503 10.0052 1.42651e-005 -1 4.70544e-005 0 -4.69555e-005 -1 1 1.41663e-005 0 32000.dat
1 1 177.495 -0.00560458 10.0051 -1.41448e-005 -1 -4.70856e-005 0 -4.70781e-005 1 -1 1.41523e-005 0 3023.dat
1 1 185.495 -0.00522873 10.005 -1.41448e-005 -1 -4.70856e-005 0 -4.70781e-005 1 -1 1.41523e-005 0 3023.dat
1 15 209.495 -0.00400812 10.0046 1.42651e-005 -1 4.70544e-005 0 -4.69555e-005 -1 1 1.41663e-005 0 32000.dat
1 1 160.496 -10.0064 20.0053 5.02626e-005 1 1.27271e-005 -1 5.02626e-005 0 0 -1.27271e-005 1 4274.dat
1 71 219.997 -39.5061 10.0042 1 0 0 0 1 0 0 0 1 4519.dat
1 14 239.997 -40.0077 10.0044 0 7.83027e-005 1 0 1 -7.83027e-005 -1 0 0 32072.dat
1 71 220 -19.512 10.0045 0 0.000133335 1 0 1 -0.000133335 -1 0 0 32073.dat
1 0 220 -19.5121 -9.99549 -1 0.000133335 0 0.000133335 1 0 0 0 -1 3713.dat
1 7 217 -19.545 9 0 0 -1 -0.000133335 -1 0 -1 0.000133335 0 63869.dat
1 0 220 -19.5122 30.0045 1 0 0 0 1 0 0 0 1 3713.dat
1 1 219.998 -50.0122 50.5045 5.12942e-005 0 1 1 0 -5.12097e-005 0 1 0 3749.dat
1 1 279.997 -50.0131 50.5034 1.46895e-005 1.51178e-005 1 1 0 -1.46148e-005 0 1 -1.50431e-005 3749.dat
1 72 259.372 -40.0128 50.0037 -1.43488e-005 1 1.50119e-005 -1 -1.43488e-005 0 0 -1.50119e-005 1 32184.dat
1 72 262.371 -40.013 -27.996 -1.43488e-005 1 1.50119e-005 -1 -1.43488e-005 0 0 -1.50119e-005 1 32184.dat
1 1 239.997 -50.0125 50.504 1.46895e-005 1.51178e-005 1 1 0 -1.46148e-005 0 1 -1.50431e-005 3749.dat
1 1 219.997 -60.0122 49.3792 1.49767e-005 1.42709e-005 -1 0 1 1.42709e-005 1 0 1.49767e-005 41239.dat
1 15 139.997 -40.0111 50.6305 -1.50385e-005 0 -1 0 -1 0 -1 0 1.51387e-005 32140.dat
1 0 139.996 -72.0111 49.5054 0 0 1 -1 0 0 0 -1 0 3705.dat
1 15 139.997 -80.0108 50.6307 0 0 -1 0 -1 0 -1 0 0 32140.dat
1 72 119.371 -100.011 50.0054 -1.49448e-005 1 1.55428e-005 -1 -1.49448e-005 0 0 -1.55428e-005 1 32184.dat
1 1 99.9963 -90.0108 49.5057 -1.52056e-005 -1.54445e-005 1 -1 0 -1.5238e-005 0 -1 -1.5412e-005 3749.dat
1 1 80.4962 -20.0102 30.0065 2.06988e-005 1 1.58073e-005 -1 2.06988e-005 0 0 -1.58073e-005 1 6558.dat
1 0 119.997 -70.0108 50.5058 1.66238e-005 1.50236e-005 1 1 0 -1.65673e-005 0 1 -1.49671e-005 2780.dat
1 0 79.9963 -69.9777 30.5062 1.66238e-005 1.50236e-005 1 1 0 -1.65673e-005 0 1 -1.49671e-005 2780.dat
1 1 259.996 -40.5128 -19.9963 1.68246e-005 0 1 0 -1 0 1 0 -1.65557e-005 3749.dat
1 15 259.496 -40.0128 10.0037 1.52151e-005 -1 1.65594e-005 1 1.52151e-005 0 0 1.65594e-005 1 32034.dat
1 1 259.997 -40.5128 40.0037 -1.67243e-005 0 -1 0 -1 0 -1 0 1.69932e-005 3749.dat
1 14 259.997 -20.0128 10.0037 -0.707119 -0.707095 1.51829e-005 1.08975e-005 1.06753e-005 1 -0.707095 0.707119 0 32072.dat
1 0 259.643 -50.0128 9.65013 -1.48994e-005 -0.707118 0.707095 -1 1.08911e-005 -1.01804e-005 0 -0.707095 -0.707118 3705.dat
1 71 260.349 -60.0128 9.65013 -0.707118 0.707096 -1.51022e-005 1.10652e-005 -1.01334e-005 -1 -0.707096 -0.707118 0 3713.dat
1 14 259.996 -80.0128 10.0037 -0.707119 -0.707095 1.51829e-005 1.08975e-005 1.06753e-005 1 -0.707095 0.707119 0 32072.dat
1 0 179.997 -70.0116 50.5049 1.55772e-005 1.52739e-005 1 1 0 -1.54911e-005 0 1 -1.51878e-005 2780.dat
1 151 319.996 -80.0137 49.3777 1.55728e-005 1.48604e-005 -1 0 1 1.48604e-005 1 0 1.55728e-005 32278.dat
1 1 299.996 -90.0134 49.503 -1.45503e-005 -1.56456e-005 1 -1 0 -1.46132e-005 0 -1 -1.55827e-005 3749.dat
1 72 279.371 -100.013 50.0033 -1.49448e-005 1 1.55428e-005 -1 -1.49448e-005 0 0 -1.55428e-005 1 32184.dat
1 1 259.996 -90.0128 49.5036 -1.45503e-005 -1.56456e-005 1 -1 0 -1.46132e-005 0 -1 -1.55827e-005 3749.dat
1 1 459.996 -90.0158 49.5005 -1.45503e-005 -1.56456e-005 1 -1 0 -1.46132e-005 0 -1 -1.55827e-005 3749.dat
1 72 439.371 -100.015 50.0008 -1.49448e-005 1 1.55428e-005 -1 -1.49448e-005 0 0 -1.55428e-005 1 32184.dat
1 71 419.996 -80.0152 50.5011 1.5309e-005 1.56857e-005 1 1 0 -1.51826e-005 0 1 -1.55593e-005 4519.dat
1 1 419.997 -60.0152 50.6261 -1.57793e-005 1.47732e-005 1 0 1 -1.47732e-005 -1 0 -1.57793e-005 32140.dat
1 1 440.495 -100.016 -19.9991 1.5973e-005 1 2.88952e-005 0 -2.88325e-005 1 1 -1.59103e-005 0 3749.dat
1 15 439.995 -99.5156 10.0008 1 0 0 0 1 0 0 0 1 32034.dat
1 1 440.496 -100.016 40.0008 -1.60349e-005 1 -2.88924e-005 0 -2.87333e-005 -1 -1 -1.6194e-005 0 3749.dat
1 151 319.995 -80.0137 -30.6223 1.53343e-005 1.55867e-005 -1 0 1 1.55867e-005 1 0 1.53343e-005 32278.dat
1 1 299.995 -90.0134 -30.497 -1.52056e-005 -1.54445e-005 1 -1 0 -1.5238e-005 0 -1 -1.5412e-005 3749.dat
1 72 279.37 -100.013 -29.9966 -1.56601e-005 1 1.53573e-005 -1 -1.56601e-005 0 0 -1.53573e-005 1 32184.dat
1 1 259.995 -90.0128 -30.4963 -1.52056e-005 -1.54445e-005 1 -1 0 -1.5238e-005 0 -1 -1.5412e-005 3749.dat
1 1 459.995 -90.0159 -30.4994 -1.52056e-005 -1.54445e-005 1 -1 0 -1.5238e-005 0 -1 -1.5412e-005 3749.dat
1 72 439.37 -100.016 -29.9991 -1.56601e-005 1 1.53573e-005 -1 -1.56601e-005 0 0 -1.53573e-005 1 32184.dat
1 71 419.995 -80.0152 -29.4988 1.61193e-005 1.54354e-005 1 1 0 -1.60523e-005 0 1 -1.53684e-005 4519.dat
1 1 419.995 -60.0153 -30.6238 1.54759e-005 0 1 0 -1 0 1 0 -1.53756e-005 32140.dat
1 0 179.995 -70.0115 -29.4951 1.53707e-005 1.51191e-005 1 1 0 -1.53362e-005 0 1 -1.50846e-005 2780.dat
1 1 280.495 -100.013 -19.9966 1.59284e-005 1 1.6047e-005 0 -1.59722e-005 1 1 -1.58536e-005 0 3749.dat
1 15 279.995 -99.5131 10.0034 1 0 0 0 1 0 0 0 1 32034.dat
1 1 280.496 -100.013 40.0033 -1.6139e-005 1 -1.60442e-005 0 -1.60357e-005 -1 -1 -1.61475e-005 0 3749.dat
1 14 239.995 -100.012 10.004 -1.61369e-005 1.74135e-005 1 0 1 -1.74135e-005 -1 0 -1.61369e-005 32072.dat
1 0 229.995 -100.012 10.5042 -1 1.76217e-005 1.77454e-005 1.77454e-005 0 1 1.76217e-005 1 0 3707.dat
1 71 259.995 -99.5127 10.0037 1.6288e-005 1.74132e-005 -1 0 1 1.74132e-005 1 0 1.6288e-005 3713.dat
1 72 309.995 -99.5136 10.0029 1.60496e-005 1.74132e-005 -1 0 1 1.74132e-005 1 0 1.60496e-005 6538b.dat
1 0 389.995 -100.015 10.5016 -1 1.76217e-005 1.77454e-005 1.77454e-005 0 1 1.76217e-005 1 0 3707.dat
1 14 459.995 -100.016 10.0005 -1.61369e-005 1.74135e-005 1 0 1 -1.74135e-005 -1 0 -1.61369e-005 32072.dat
1 71 119.995 -99.5111 10.0051 1 0 0 0 1 0 0 0 1 4519.dat
1 14 99.9955 -100.011 10.005 -1.61369e-005 1.74135e-005 1 0 1 -1.74135e-005 -1 0 -1.61369e-005 32072.dat
1 1 120.494 -100.011 -19.9945 -1.60755e-005 1 -1.60085e-005 0 1.61349e-005 1 1 1.62018e-005 0 3749.dat
1 15 119.995 -99.511 10.0054 1 0 0 0 1 0 0 0 1 32034.dat
1 1 120.496 -100.011 40.0054 -1.6139e-005 1 -1.60442e-005 0 -1.60357e-005 -1 -1 -1.61475e-005 0 3749.dat
1 1 479.996 -70.0162 -30.4997 0 0 1 -1 0 0 0 -1 0 3749.dat
1 14 479.996 -100.017 30.0003 0.707624 0.706589 0 -0.706589 0.707624 -3.92034e-005 -2.99899e-005 2.54554e-005 1 32072.dat
1 0 480.349 -99.6623 0.000286102 0 0.70659 0.707624 0 0.707624 -0.70659 -1 0 0 3706.dat
1 71 480.349 -99.6623 -69.9997 0 0.70659 0.707624 0 0.707624 -0.70659 -1 0 0 32054.dat
1 1 479.997 -70.0161 49.5002 -2.46544e-005 0 1 -1 0 -2.4677e-005 0 -1 0 3749.dat
1 15 479.996 -99.5162 0.000278652 0 0 1 0 1 0 -1 0 0 75535.dat
1 0 479.996 -99.3912 -69.9997 0 0 -1 -1 0 0 0 1 0 32524.dat
1 0 439.995 -70.0156 -30.4991 1.54158e-005 -1.5438e-005 -1 1 0 1.53347e-005 0 -1 1.5519e-005 2780.dat
1 0 319.995 -70.0137 -29.4972 1.55772e-005 1.52223e-005 1 1 0 -1.55427e-005 0 1 -1.51878e-005 2780.dat
1 0 319.997 -70.0137 50.5027 1.56804e-005 1.53256e-005 1 1 0 -1.56459e-005 0 1 -1.52911e-005 2780.dat
1 0 439.997 -70.0155 49.5008 1.45381e-005 -1.55543e-005 -1 1 0 1.45219e-005 0 -1 1.55705e-005 2780.dat
1 0 79.9962 -90.0108 50.5057 1.66238e-005 1.50236e-005 1 1 0 -1.65673e-005 0 1 -1.49671e-005 2780.dat
1 0 99.9968 -50.0105 50.5061 1.46895e-005 1.51178e-005 1 1 0 -1.46148e-005 0 1 -1.50431e-005 2780.dat
1 0 209.997 -39.5137 -9.99564 1 0 0 0 1 0 0 0 1 2780.dat
1 1 219.998 -50.0121 -29.4955 8.79532e-005 -1.06532e-005 1 1 0 -8.79774e-005 0 1 1.0629e-005 3749.dat
1 0 209.997 -39.5138 30.0044 1 0 0 0 1 0 0 0 1 2780.dat
1 1 200.496 -10.0043 0.00483117 5.02626e-005 1 1.27258e-005 -1 5.02626e-005 0 0 -1.27258e-005 1 4274.dat
1 1 200.496 -10.0044 20.0048 5.02626e-005 1 1.27262e-005 -1 5.02626e-005 0 0 -1.27262e-005 1 4274.dat
1 1 160.496 -10.0063 0.00533987 5.02626e-005 1 1.27267e-005 -1 5.02626e-005 0 0 -1.27267e-005 1 4274.dat
1 1 120.496 -10.0083 0.00584856 5.02626e-005 1 1.27277e-005 -1 5.02626e-005 0 0 -1.27277e-005 1 4274.dat
1 1 120.496 -10.0084 20.0058 5.02626e-005 1 1.27282e-005 -1 5.02626e-005 0 0 -1.27282e-005 1 4274.dat
1 1 279.996 -50.0131 -29.4965 1.66238e-005 1.50236e-005 1 1 0 -1.65673e-005 0 1 -1.49671e-005 3749.dat
1 0 99.9955 -50.0102 -29.4938 1.66238e-005 1.50236e-005 1 1 0 -1.65673e-005 0 1 -1.49671e-005 2780.dat
1 1 80.6286 -99.9773 -89.9942 -1 -1.80698e-005 1.79461e-005 -1.79461e-005 0 -1 1.80698e-005 -1 0 40490.dat
1 0 80.005 -179.477 -79.9942 -1.78058e-005 -1.53414e-005 1 0 1 1.53414e-005 -1 0 -1.78058e-005 2780.dat
1 1 20.0053 -180.603 -69.9931 -1.55398e-005 1.80033e-005 1 1 0 1.56288e-005 0 1 -1.79143e-005 32140.dat
1 1 20.0051 -180.478 -79.9931 1.85105e-005 0 1 0 -1 0 1 0 -1.82416e-005 3749.dat
1 151 -19.9952 -179.354 -89.9924 1.54144e-005 1.80033e-005 -1 -1 0 -1.53192e-005 0 1 1.80986e-005 32524.dat
1 1 -219.998 -19.3569 -89.9881 1.53112e-005 1.80033e-005 -1 -1 0 -1.53192e-005 0 1 1.79954e-005 32009.dat
1 71 -219.996 -99.4818 -69.9885 -1.78058e-005 -1.53414e-005 1 0 1 1.53414e-005 -1 0 -1.78058e-005 4519.dat
1 15 -219.995 -180.607 -69.9888 -1.54056e-005 -1.81478e-005 -1 1 0 -1.54046e-005 0 -1 1.81468e-005 32009.dat
1 1 -59.9949 -180.479 -79.9917 1.85105e-005 0 1 0 -1 0 1 0 -1.82416e-005 3749.dat
1 0 -79.995 -179.48 -79.9913 -1.78058e-005 -1.53414e-005 1 0 1 1.53414e-005 -1 0 -1.78058e-005 2780.dat
1 0 -199.996 -89.9817 -49.4889 1.50054e-005 1.79583e-005 -1 -1 0 -1.49644e-005 0 1 1.79993e-005 2780.dat
1 1 -199.996 -79.9817 -50.6138 1.81733e-005 0 1 0 -1 0 1 0 -1.8073e-005 32526.dat
1 0 -179.996 -89.9814 -49.4893 1.50054e-005 1.79583e-005 -1 -1 0 -1.49644e-005 0 1 1.79993e-005 2780.dat
1 1 -120.496 -59.9807 -9.99025 -1.51832e-005 -1 1.80775e-005 1 -1.51832e-005 0 0 1.80775e-005 1 6558.dat
1 1 -199.997 -39.9817 -50.6137 1.81733e-005 0 1 0 -1 0 1 0 -1.8073e-005 32526.dat
1 1 -160.497 -39.9811 -49.9895 -1.51832e-005 -1 1.80775e-005 1 -1.51832e-005 0 0 1.80775e-005 1 6558.dat
1 1 -140.496 -59.9808 -49.9899 -1.51832e-005 -1 1.80775e-005 1 -1.51832e-005 0 0 1.80775e-005 1 6558.dat
1 0 40.005 -179.478 -79.9935 -1.78058e-005 -1.53414e-005 1 0 1 1.53414e-005 -1 0 -1.78058e-005 2780.dat
1 0 80.0047 -159.477 -79.9941 -1.78058e-005 -1.53414e-005 1 0 1 1.53414e-005 -1 0 -1.78058e-005 2780.dat
1 0 80.0026 -19.4773 -79.9936 -1.78058e-005 -1.53414e-005 1 0 1 1.53414e-005 -1 0 -1.78058e-005 2780.dat
1 15 80.6284 -59.9774 -69.9938 -1 1.79975e-005 1.81211e-005 1.81211e-005 0 1 1.79975e-005 1 0 32140.dat
1 0 80.0023 0.522742 -79.9935 -1.78058e-005 -1.53414e-005 1 0 1 1.53414e-005 -1 0 -1.78058e-005 2780.dat
1 0 60.0023 0.522436 -79.9931 -1.78058e-005 -1.53414e-005 1 0 1 1.53414e-005 -1 0 -1.78058e-005 2780.dat
1 0 80.0029 -39.4772 -79.9937 -1.78058e-005 -1.53414e-005 1 0 1 1.53414e-005 -1 0 -1.78058e-005 2780.dat
1 0 60.0055 0.521731 100.007 -1.78058e-005 -1.53414e-005 1 0 1 1.53414e-005 -1 0 -1.78058e-005 2780.dat
1 0 40.0083 -179.479 100.006 -1.78058e-005 -1.53414e-005 1 0 1 1.53414e-005 -1 0 -1.78058e-005 2780.dat
1 0 -179.994 -89.9819 70.5107 1.50054e-005 1.79583e-005 -1 -1 0 -1.49644e-005 0 1 1.79993e-005 2780.dat
1 0 -119.998 0.519674 -79.9899 -1.78058e-005 -1.53414e-005 1 0 1 1.53414e-005 -1 0 -1.78058e-005 2780.dat
1 0 -129.999 -59.4972 50.0098 1 0 0 0 1 0 0 0 1 2780.dat
1 0 -139.999 -39.9974 50.6352 -1.80175e-005 -1 -1.54223e-005 0 -1.53333e-005 1 -1 1.81065e-005 0 32316.dat
1 0 -129.999 -19.4972 50.0099 1 0 0 0 1 0 0 0 1 2780.dat
1 0 -130.001 -19.4969 -29.9901 1 0 0 0 1 0 0 0 1 2780.dat
1 0 -140.001 -39.997 -29.3648 -1.80175e-005 -1 -1.54223e-005 0 -1.53333e-005 1 -1 1.81065e-005 0 32316.dat
1 0 -130 -59.4969 -29.9902 1 0 0 0 1 0 0 0 1 2780.dat
1 0 -119.996 -10.0132 30.5099 1.50054e-005 1.79583e-005 -1 -1 0 -1.49644e-005 0 1 1.79993e-005 2780.dat
1 1 -199.995 0.0178158 70.6365 -1.81635e-005 -1.5393e-005 1 0 1 1.5393e-005 -1 0 -1.81635e-005 32526.dat
1 0 -139.995 -9.98127 70.5103 1.50054e-005 1.79583e-005 -1 -1 0 -1.49644e-005 0 1 1.79993e-005 2780.dat
1 1 -199.994 -79.9822 70.6362 -1.81635e-005 -1.5393e-005 1 0 1 1.5393e-005 -1 0 -1.81635e-005 32526.dat
1 0 -199.994 -89.9822 70.511 1.50054e-005 1.79583e-005 -1 -1 0 -1.49644e-005 0 1 1.79993e-005 2780.dat
1 1 -140.494 -59.9813 70.01 -1.51832e-005 -1 1.80775e-005 1 -1.51832e-005 0 0 1.80775e-005 1 6558.dat
1 7 -19.999 -38.981 12 -1 1.51832e-005 0 0 1.80775e-005 1 1.51832e-005 1 -1.80775e-005 58119.dat
1 7 207.002 -40.983 14.004 0 -1.80775e-005 -1 1.51832e-005 1 -1.80775e-005 1 -1.51832e-005 0 58120.dat
1 15 221 -18.98 -30 -1.51832e-005 -1 1.80775e-005 0 1.80775e-005 1 -1 1.51832e-005 0 32013.dat
1 15 483 -98.985 -30.004 -1.51832e-005 -1 1.80775e-005 0 -1.80775e-005 -1 1 -1.51832e-005 0 32013.dat
1 15 484.999 -98.985 52.996 -1.51832e-005 -1 1.80775e-005 0 -1.80775e-005 -1 1 -1.51832e-005 0 32013.dat
1 7 -80.04 1.105 150.133 -1 1.51832e-005 0 -1.51832e-005 -1 1.80775e-005 0 1.80775e-005 1 32015.dat
1 7 -79.792 1.1 -130.019 1 -1.51832e-005 0 -1.51832e-005 -1 1.80775e-005 0 -1.80775e-005 -1 32015.dat
1 7 41.208 1.098 -131.019 1 -1.51832e-005 0 -1.51832e-005 -1 1.80775e-005 0 -1.80775e-005 -1 32015.dat
1 7 -182.729 74.585 -160.249 0 -1.80775e-005 -1 0.342034 0.939687 -1.71379e-005 0.939687 -0.342034 0 32015.dat
1 7 -176.727 72.791 182.239 0 -1.80775e-005 -1 -0.258804 0.96593 -1.6434e-005 0.96593 0.258804 0 32015.dat
1 7 136.814 72.608 -160.82 0 1.80775e-005 1 -0.258804 0.96593 -1.6434e-005 -0.96593 -0.258804 0 32015.dat
1 7 137.813 74.067 180.09 0 1.80775e-005 1 0.342034 0.939687 -1.71379e-005 -0.939687 0.342034 0 32015.dat
1 7 40.96 1.107 150.133 -1 1.51832e-005 0 -1.51832e-005 -1 1.80775e-005 0 1.80775e-005 1 32015.dat
1 15 222.001 -18.98 53 -1.51832e-005 -1 1.80775e-005 0 1.80775e-005 1 -1 1.51832e-005 0 32013.dat
1 8 -198.999 -98.976 70.003 1.51832e-005 1 -1.80775e-005 0 1.80775e-005 1 1 -1.51832e-005 0 42003.dat
1 8 -201.001 -98.976 -48.997 1.51832e-005 1 -1.80775e-005 0 1.80775e-005 1 1 -1.51832e-005 0 42003.dat
0
